Rk,Name,Age,Tm,Lg,G,PA,AB,R,H,2B,3B,HR,RBI,SB,CS,BB,SO,BA,OBP,SLG,OPS,OPS+,TB,GDP,HBP,SH,SF,IBB,Pos Summary,Name-additional
1,CJ Abrams*,21,TOT,NL,90,302,284,33,70,12,2,2,21,7,4,5,50,.246,.280,.324,.604,76,92,5,9,2,2,0,64/H9D,abramcj01
2,Albert Abreu,26,TOT,AL,1,0,0,0,0,0,0,0,0,0,0,0,0,,,,,,0,0,0,0,0,0,1,abreual01
3,José Abreu,35,CHW,AL,157,679,601,85,183,40,0,15,75,0,0,62,110,.304,.378,.446,.824,133,268,19,12,0,4,2,*3D,abreujo02
4,Ronald Acuna Jr.,24,ATL,NL,119,533,467,71,124,24,0,15,50,29,11,53,126,.266,.351,.413,.764,114,193,8,10,0,3,4,9D/H8,acunaro01
5,Willy Adames,26,MIL,NL,139,617,563,83,134,31,0,31,98,8,3,49,166,.238,.298,.458,.756,112,258,11,1,0,4,3,*6/DH,adamewi01
6,Riley Adams,26,WSN,NL,48,155,142,14,25,4,0,5,10,0,1,12,46,.176,.245,.310,.555,60,44,2,1,0,0,0,2/HD3,adamsri03
7,Jo Adell,23,LAA,AL,88,285,268,22,60,12,2,8,27,4,2,11,107,.224,.264,.373,.637,79,100,6,4,0,1,0,79H/D,adelljo01
8,Ehire Adrianza#,32,TOT,NL,37,110,97,8,17,3,0,0,7,1,0,11,25,.175,.264,.206,.470,39,20,2,1,0,1,0,5/74H6D1,adriaeh01
9,Jesus Aguilar,32,TOT,MLB,129,507,464,39,109,19,0,16,51,1,0,28,119,.235,.281,.379,.661,86,176,8,4,0,5,1,3DH/5,aguilje01
10,Ryan Aguilar*,27,LAA,AL,7,26,22,2,3,1,0,0,2,0,0,2,14,.136,.231,.182,.413,20,4,0,1,0,1,0,/9738,aguilry01
11,Nick Ahmed,32,ARI,NL,17,54,52,7,12,2,0,3,7,0,1,2,15,.231,.259,.442,.702,95,23,2,0,0,0,0,6/HD,ahmedni01
12,Hanser Alberto,29,LAD,NL,73,159,156,13,38,9,2,2,15,0,1,3,25,.244,.258,.365,.623,70,57,7,0,0,0,0,45H1/D639,alberha01
13,Ozzie Albies#,25,ATL,NL,64,269,247,36,61,16,0,8,35,3,5,16,47,.247,.294,.409,.703,95,101,0,2,0,4,0,4/H,albieoz01
14,Sergio Alcantara#,25,TOT,NL,93,224,205,26,45,8,1,6,29,1,2,12,57,.220,.261,.356,.617,75,73,6,1,2,4,0,564H/D,alcanse01
15,Scott Alexander*,32,SFG,NL,1,0,0,0,0,0,0,0,0,0,0,0,0,,,,,,0,0,0,0,0,0,1,alexasc02
16,Jorge Alfaro,29,SDP,NL,82,274,256,25,63,14,0,7,40,1,0,11,98,.246,.285,.383,.667,94,98,5,4,0,3,0,2DH,alfarjo01
17,Anthony Alford,27,PIT,NL,2,4,4,0,1,0,0,0,0,0,0,0,2,.250,.250,.250,.500,42,1,0,0,0,0,0,/879,alforan01
18,Austin Allen*,28,OAK,AL,5,16,14,1,1,0,0,0,0,0,0,1,9,.071,.188,.071,.259,-20,1,1,1,0,0,0,/2D,allenau01
19,Greg Allen#,29,PIT,NL,46,134,118,17,22,4,0,2,8,8,2,10,42,.186,.260,.271,.531,51,32,2,2,3,1,0,798H/D,allengr01
20,Nick Allen,23,OAK,AL,100,326,299,31,62,13,0,4,19,3,2,19,64,.207,.256,.291,.547,60,87,5,1,6,1,0,64/H,allenni02
21,Abraham Almonte#,33,BOS,AL,15,37,35,7,9,2,0,1,2,1,0,1,12,.257,.297,.400,.697,92,14,1,1,0,0,0,/H87D9,almonab01
22,Albert Almora,28,CIN,NL,64,235,215,26,48,10,1,5,29,3,2,17,46,.223,.282,.349,.631,71,75,9,1,1,1,0,987/HD,almoral01
23,Pete Alonso,27,NYM,NL,160,685,597,95,162,27,0,40,131,5,1,67,128,.271,.352,.518,.869,146,309,17,12,0,9,16,*3D,alonspe01
24,Jose Altuve,32,HOU,AL,141,604,527,103,158,39,0,28,57,18,1,66,87,.300,.387,.533,.921,160,281,13,10,0,1,2,*4/HD,altuvjo01
25,Jose Alvarado*,27,PHI,NL,1,1,1,0,0,0,0,0,0,0,0,0,1,.000,.000,.000,.000,-100,0,0,0,0,0,0,1,alvarjo03
26,Eddy Alvarez*,32,LAD,NL,14,27,25,1,4,0,0,0,3,1,0,0,9,.160,.154,.160,.314,-13,4,1,0,1,1,0,/59HD76,alvared01
27,Francisco Álvarez,20,NYM,NL,5,14,12,3,2,1,0,1,1,0,0,2,4,.167,.286,.500,.786,121,6,1,0,0,0,0,/D2H,alvarfr01
28,Yordan Alvarez*,25,HOU,AL,135,561,470,95,144,29,2,37,97,1,1,78,106,.306,.406,.613,1.019,187,288,12,6,0,7,9,D7/H,alvaryo01
29,Brian Anderson,29,MIA,NL,98,383,338,43,75,16,1,8,28,1,0,37,101,.222,.311,.346,.657,87,117,7,7,0,1,2,59/D7H4,anderbr06
30,Tim Anderson,29,CHW,AL,79,351,332,50,100,13,0,6,25,13,0,14,55,.301,.339,.395,.734,108,131,10,5,0,0,1,6,anderti01
31,Tyler Anderson*,32,LAD,NL,2,1,1,0,0,0,0,0,0,0,0,0,1,.000,.000,.000,.000,-100,0,0,0,0,0,0,1/H,anderty01
32,Elvis Andrus,33,TOT,AL,149,577,535,66,133,32,0,17,58,18,4,39,92,.249,.303,.404,.707,103,216,11,3,0,0,0,*6/HD,andruel01
33,Miguel Andujar,27,TOT,MLB,36,140,132,13,31,5,1,1,17,4,1,5,27,.235,.257,.311,.568,61,41,1,0,0,3,0,7D/H3,andujmi01
34,Mark Appel,30,PHI,NL,1,0,0,0,0,0,0,0,0,0,0,0,0,,,,,,0,0,0,0,0,0,/1,appelma01
35,Aristides Aquino,28,CIN,NL,80,276,259,24,51,13,0,10,30,2,3,17,101,.197,.246,.363,.609,63,94,1,0,0,0,0,9/7H8D,aquinar01
36,Jonathan Aranda*,24,TBR,AL,32,87,78,10,15,4,0,2,6,0,0,8,23,.192,.276,.321,.596,75,25,1,1,0,0,1,43/H5D7,arandjo01
37,Jonathan Arauz#,23,TOT,AL,15,41,38,3,5,0,0,1,5,0,0,1,12,.132,.150,.211,.361,1,8,0,0,1,1,0,/546H,arauzjo01
38,Orlando Arcia,27,ATL,NL,67,234,209,25,51,9,0,9,30,0,0,21,51,.244,.316,.416,.733,104,87,7,2,0,2,0,4/D75H16,arciaor01
39,Nolan Arenado,31,STL,NL,148,620,557,73,163,42,1,30,103,5,3,52,72,.293,.358,.533,.891,154,297,15,7,0,4,3,*5D/H,arenano01
40,Gabriel Arias,22,CLE,AL,16,57,47,9,9,1,1,1,5,1,0,8,16,.191,.321,.319,.641,87,15,1,1,1,0,0,/5463H,ariasga01
41,Randy Arozarena,27,TBR,AL,153,645,586,72,154,41,3,20,89,32,12,46,156,.263,.327,.445,.773,124,261,17,11,0,2,2,*7D9/H,arozara01
42,Luis Arraez*,25,MIN,AL,144,603,547,88,173,31,1,8,49,4,4,50,43,.316,.375,.420,.795,130,230,6,3,0,3,2,34DH/5,arraelu01
43,Christian Arroyo,27,BOS,AL,87,300,280,32,80,16,1,6,36,5,1,13,49,.286,.322,.414,.736,103,116,7,3,2,2,2,4965/3DH,arroych01
44,Willians Astudillo,30,MIA,NL,21,55,54,5,13,0,0,1,4,1,0,1,3,.241,.255,.296,.551,56,16,2,0,0,0,0,5/4H31D,astudwi01
45,Jose Azocar,26,SDP,NL,98,216,202,24,52,9,3,0,10,5,6,12,44,.257,.298,.332,.629,85,67,6,0,1,1,0,98H7/D,azocajo01
46,Akil Baddoo*,23,DET,AL,73,225,201,30,41,3,2,2,9,9,6,24,64,.204,.289,.269,.558,65,54,2,0,0,0,0,78H/D,baddoak01
47,Harrison Bader,28,TOT,MLB,86,313,292,38,73,10,3,5,30,17,3,15,62,.250,.294,.356,.650,87,104,4,4,0,2,0,8/H,baderha01
48,Ji Hwan Bae*,22,PIT,NL,10,37,33,5,11,3,0,0,6,3,0,2,6,.333,.405,.424,.830,136,14,0,2,0,0,0,/847,baeji01
49,Javier Baez,29,DET,AL,144,590,555,64,132,27,4,17,67,9,2,26,147,.238,.278,.393,.671,93,218,13,6,0,3,1,*6D/H,baezja01
50,Rylan Bannon,26,TOT,MLB,5,15,14,0,2,0,0,0,0,0,0,0,5,.143,.200,.143,.343,0,2,0,1,0,0,0,/54D,bannory01
51,Daniel Bard,37,COL,NL,3,0,0,0,0,0,0,0,0,0,0,0,0,,,,,,0,0,0,0,0,0,1,bardda01
52,Joe Barlow,26,TEX,AL,1,0,0,0,0,0,0,0,0,0,0,0,0,,,,,,0,0,0,0,0,0,1,barlojo01
53,Scott Barlow,29,KCR,AL,3,0,0,0,0,0,0,0,0,0,0,0,0,,,,,,0,0,0,0,0,0,1,barlosc01
54,Austin Barnes,32,LAD,NL,62,212,179,31,38,6,0,8,26,2,1,27,37,.212,.324,.380,.704,94,68,5,3,2,1,0,2/DH4,barneau01
55,Tucker Barnhart*,31,DET,AL,94,308,281,16,62,10,0,1,16,0,0,25,74,.221,.287,.267,.554,64,75,7,1,1,0,0,2/51,barnhtu01
56,Luis Barrera*,26,OAK,AL,32,85,77,3,18,5,0,1,7,3,0,6,17,.234,.294,.338,.632,84,26,2,1,0,1,0,79/H8,barrelu01
57,Tres Barrera,27,WSN,NL,19,53,50,2,9,1,0,0,4,0,0,2,16,.180,.212,.200,.412,21,10,1,0,1,0,0,2,barretr01
58,Jose Barrero,24,CIN,NL,48,174,165,13,25,3,0,2,10,4,1,9,76,.152,.195,.206,.401,10,34,4,0,0,0,0,6,garcijo02
59,Joey Bart,25,SFG,NL,97,291,261,34,56,6,0,11,25,2,1,26,112,.215,.296,.364,.660,86,95,5,4,0,0,0,2/HD,bartjo01
60,Anthony Bass,34,TOT,MLB,1,0,0,0,0,0,0,0,0,0,0,0,0,,,,,,0,0,0,0,0,0,1/DH,bassan01
61,Matthew Batten,27,SDP,NL,15,22,19,0,2,1,0,0,1,0,0,2,6,.105,.227,.158,.385,16,3,0,1,0,0,0,/5H4D17,battema01
62,Brett Baty*,22,NYM,NL,11,42,38,4,7,0,0,2,5,0,0,2,8,.184,.244,.342,.586,67,13,0,1,0,0,0,5,batybr01
63,Félix Bautista,27,BAL,AL,4,0,0,0,0,0,0,0,0,0,0,0,0,,,,,,0,0,0,0,0,0,1,bautife01
64,Matt Beaty*,29,SDP,NL,20,47,43,6,4,1,1,0,1,0,0,2,8,.093,.170,.163,.333,-1,7,3,2,0,0,0,9/H3D7,beatyma01
65,Tim Beckham,32,MIN,AL,12,25,25,1,2,0,0,0,1,0,0,0,9,.080,.080,.080,.160,-53,2,2,0,0,0,0,/H7D3,beckhti01
66,David Bednar*,27,PIT,NL,1,0,0,0,0,0,0,0,0,0,0,0,0,,,,,,0,0,0,0,0,0,1,bednada01
67,Seth Beer*,25,ARI,NL,38,126,111,4,21,3,0,1,9,0,0,11,31,.189,.278,.243,.521,51,27,3,3,0,1,1,D/3H,beerse01
68,Josh Bell#,29,TOT,NL,156,647,552,78,147,29,3,17,71,0,1,81,102,.266,.362,.422,.784,128,233,22,5,0,6,4,*3D/H,belljo02
69,Andrew Bellatti,30,PHI,NL,1,0,0,0,0,0,0,0,0,0,0,0,0,,,,,,0,0,0,0,0,0,1,bellaan01
70,Cody Bellinger*,26,LAD,NL,144,550,504,70,106,27,3,19,68,14,3,38,150,.210,.265,.389,.654,78,196,7,2,0,6,0,*8/H,bellico01
71,Brandon Belt*,34,SFG,NL,78,298,254,25,54,9,1,8,23,1,0,37,81,.213,.326,.350,.676,92,89,9,6,0,1,2,3DH,beltbr01
72,Anthony Bemboom*,32,BAL,AL,22,59,52,4,6,2,0,1,1,0,0,6,17,.115,.207,.212,.418,20,11,1,0,1,0,0,2/H,bemboan01
73,Andrew Benintendi*,27,TOT,AL,126,521,461,54,140,23,3,5,51,8,3,52,77,.304,.373,.399,.772,120,184,7,2,1,5,0,*7/HD,beninan01
74,Will Benson*,24,CLE,AL,28,61,55,8,10,1,0,0,3,0,0,3,19,.182,.250,.200,.450,33,11,1,2,1,0,0,8/H97D,bensowi01
75,Wynton Bernard,31,COL,NL,12,42,42,9,12,1,0,0,3,3,1,0,8,.286,.286,.310,.595,60,13,1,0,0,0,0,8/D7H9,bernawy01
76,Jon Berti,32,MIA,NL,102,404,358,47,86,17,3,4,28,41,5,42,89,.240,.324,.338,.662,89,121,6,3,0,1,0,4576/H8D,bertijo01
77,Christian Bethancourt,30,TOT,AL,100,333,318,39,80,17,0,11,34,5,1,12,80,.252,.283,.409,.692,100,130,6,2,1,0,0,23HD/15,bethach01
78,Mookie Betts,29,LAD,NL,142,639,572,117,154,40,3,35,82,12,2,55,104,.269,.340,.533,.873,136,305,8,8,0,4,0,*9/4HD,bettsmo01
79,Bo Bichette,24,TOR,AL,159,697,652,91,189,43,1,24,93,13,8,41,155,.290,.333,.469,.802,127,306,21,2,0,2,0,*6/DH,bichebo01
80,Phil Bickford,26,LAD,NL,2,0,0,0,0,0,0,0,0,0,0,0,0,,,,,,0,0,0,0,0,0,1,bickfph01
81,Cavan Biggio*,27,TOR,AL,97,303,257,43,52,18,1,6,24,2,0,38,85,.202,.318,.350,.668,92,90,2,6,1,1,0,43H/9D75,biggica01
82,Charlie Blackmon*,35,COL,NL,135,577,530,60,140,22,6,16,78,4,1,32,109,.264,.314,.419,.733,95,222,10,8,4,3,4,D9/H,blackch02
83,Dairon Blanco,29,KCR,AL,5,7,7,1,2,0,0,0,2,1,0,0,4,.286,.286,.286,.571,63,2,0,0,0,0,0,/8HD,blancda02
84,Travis Blankenhorn*,25,NYM,NL,1,3,3,0,0,0,0,0,0,0,0,0,1,.000,.000,.000,.000,-100,0,0,0,0,0,0,/D,blanktr01
85,JJ Bleday*,24,MIA,NL,65,238,204,21,34,10,2,5,16,4,1,30,67,.167,.277,.309,.586,67,63,5,2,0,2,0,87/H9,bledajj01
86,Richard Bleier*,35,MIA,NL,1,0,0,0,0,0,0,0,0,0,0,0,0,,,,,,0,0,0,0,0,0,1,bleieri01
87,Xander Bogaerts,29,BOS,AL,150,631,557,84,171,38,0,15,73,8,2,57,118,.307,.377,.456,.833,131,254,14,10,0,7,2,*6/DH,bogaexa01
88,Alec Bohm,25,PHI,NL,152,631,586,79,164,24,3,13,72,2,3,31,110,.280,.315,.398,.713,100,233,18,4,0,10,1,*53/DH,bohmal01
89,Ronald Bolanos,25,KCR,AL,1,0,0,0,0,0,0,0,0,0,0,0,0,,,,,,0,0,0,0,0,0,/1,bolanro01
90,Skye Bolt#,28,OAK,AL,42,116,106,10,21,2,0,4,13,5,0,7,30,.198,.259,.330,.589,71,35,1,2,0,1,0,8/H97,boltsk01
91,David Bote,29,CHC,NL,41,127,116,15,30,8,0,4,12,1,0,6,45,.259,.315,.431,.746,109,50,3,4,0,1,0,45/3HD,boteda01
92,Sean Bouchard,26,COL,NL,27,97,74,9,22,6,0,3,11,0,0,21,25,.297,.454,.500,.954,157,37,1,1,0,1,0,7/H,bouchse01
93,Bobby Bradley*,26,CLE,AL,8,17,17,1,2,0,0,0,0,0,0,0,9,.118,.118,.118,.235,-31,2,0,0,0,0,0,/3H,bradlbo01
94,Jackie Bradley Jr.*,32,TOT,AL,131,370,344,30,70,23,1,4,38,2,3,24,77,.203,.255,.311,.566,58,107,5,0,2,0,0,*98/H1,bradlja02
95,Michael Brantley*,35,HOU,AL,64,277,243,28,70,14,1,5,26,1,1,31,30,.288,.370,.416,.785,125,101,1,1,1,1,2,D7,brantmi02
96,Rob Brantly*,32,NYY,AL,1,3,3,0,1,1,0,0,0,0,0,0,0,.333,.333,.667,1.000,177,2,0,0,0,0,0,/2,brantro01
97,Matt Brash,24,SEA,AL,1,0,0,0,0,0,0,0,0,0,0,0,0,,,,,,0,0,0,0,0,0,1,brashma01
98,Alex Bregman,28,HOU,AL,155,656,548,93,142,38,0,23,93,1,2,87,77,.259,.366,.454,.820,133,249,18,11,0,10,1,*5/H,bregmal01
99,Will Brennan*,24,CLE,AL,11,45,42,6,15,1,1,1,8,2,1,2,4,.357,.400,.500,.900,159,21,0,1,0,0,1,/798DH,brennwi02
100,Jonah Bride,26,OAK,AL,58,187,162,17,33,4,0,1,6,1,0,19,32,.204,.301,.247,.548,63,40,4,4,1,1,0,45/H3D,bridejo01
101,Lewis Brinson,28,SFG,NL,16,39,36,5,6,2,0,3,4,1,0,2,14,.167,.211,.472,.683,86,17,0,0,1,0,0,8/H7,brinsle01
102,Mike Brosseau,28,MIL,NL,69,160,141,15,36,5,0,6,23,2,0,14,48,.255,.344,.418,.762,117,59,0,5,0,0,0,5H/631D,brossmi01
103,Seth Brown*,29,OAK,AL,150,555,500,55,115,26,3,25,73,11,2,51,146,.230,.305,.444,.749,116,222,7,3,0,1,3,3798H/D,brownse01
104,Justin Bruihl*,25,LAD,NL,1,0,0,0,0,0,0,0,0,0,0,0,0,,,,,,0,0,0,0,0,0,1,bruihju01
105,Vidal Brujan#,24,TBR,AL,52,162,147,13,24,5,0,3,16,5,5,12,37,.163,.228,.259,.487,43,38,2,1,0,2,0,49/H658D7,brujavi01
106,Kris Bryant,30,COL,NL,42,181,160,28,49,12,0,5,14,0,0,17,27,.306,.376,.475,.851,127,76,7,2,0,2,0,7D,bryankr01
107,Aaron Bummer*,28,CHW,AL,1,0,0,0,0,0,0,0,0,0,0,0,0,,,,,,0,0,0,0,0,0,1,bummeaa01
108,Peyton Burdick,25,MIA,NL,32,102,92,8,19,4,0,4,11,1,0,8,35,.207,.284,.380,.665,87,35,1,2,0,0,0,78/9H,burdipe01
109,Jake Burger,26,CHW,AL,51,183,168,20,42,9,1,8,26,0,0,10,56,.250,.302,.458,.761,112,77,7,3,1,1,1,5/DH4,burgeja01
110,Alec Burleson*,23,STL,NL,16,53,48,4,9,1,0,1,3,1,0,5,9,.188,.264,.271,.535,56,13,1,0,0,0,0,/93D7H,burleal01
111,Byron Buxton,28,MIN,AL,92,382,340,61,76,13,3,28,51,6,0,34,116,.224,.306,.526,.833,135,179,0,7,0,1,0,8D/H,buxtoby01
112,Miguel Cabrera,39,DET,AL,112,433,397,25,101,10,0,5,43,1,0,28,101,.254,.305,.317,.622,83,126,11,3,0,5,3,*D/H,cabremi01
113,Oswaldo Cabrera#,23,NYY,AL,44,171,154,21,38,8,1,6,19,3,2,15,44,.247,.312,.429,.740,109,66,1,0,1,1,0,9/76345H,cabreos01
114,Lorenzo Cain,36,MIL,NL,43,156,145,17,26,5,0,1,9,2,2,8,36,.179,.231,.234,.465,34,34,4,2,0,1,0,8/H,cainlo01
115,Kole Calhoun*,34,TEX,AL,125,424,388,36,76,14,1,12,49,3,2,27,136,.196,.257,.330,.587,67,128,6,6,0,3,0,97HD/8,calhoko01
116,Willie Calhoun*,27,TOT,MLB,22,62,52,7,7,3,0,1,3,0,0,9,8,.135,.274,.250,.524,52,13,2,1,0,0,0,D/7H,calhowi01
117,Alex Call,27,TOT,MLB,47,131,114,18,27,3,1,5,13,3,3,15,30,.237,.336,.412,.748,116,47,2,2,0,0,0,7H/98D,callal02
118,Johan Camargo#,28,PHI,NL,52,166,152,8,36,3,0,3,15,0,0,13,37,.237,.297,.316,.613,74,48,1,0,1,0,0,65H/43D,camarjo01
119,Daz Cameron,25,DET,AL,21,70,64,6,14,3,1,1,8,2,0,5,20,.219,.286,.344,.629,83,22,1,1,0,0,0,9/8H,camerda01
120,Luis Campusano,23,SDP,NL,16,50,48,4,12,1,0,1,5,0,0,1,11,.250,.260,.333,.593,73,16,2,0,0,1,0,2/DH,campulu01
121,Jeimer Candelario#,28,DET,AL,124,467,429,49,93,19,2,13,50,0,1,28,109,.217,.272,.361,.633,83,155,9,6,0,4,1,*5/DH,candeje01
122,Mark Canha,33,NYM,NL,140,542,462,71,123,24,0,13,61,3,1,48,97,.266,.367,.403,.770,122,186,3,28,0,4,1,*7H8/9D35,canhama01
123,Robinson Canó*,39,TOT,NL,33,104,100,5,15,1,0,1,4,0,0,4,25,.150,.183,.190,.373,8,19,2,0,0,0,0,4/DH,canoro01
124,Conner Capel*,25,TOT,MLB,22,59,52,7,16,0,1,3,11,1,1,5,10,.308,.356,.519,.875,151,27,2,0,0,2,0,9/HD7,capelco01
125,Vinny Capra,25,TOR,AL,8,7,5,2,1,0,0,0,0,0,0,2,1,.200,.429,.200,.629,90,1,0,0,0,0,0,/HD479,capravi01
126,Victor Caratini#,28,MIL,NL,95,314,272,26,54,12,0,9,34,0,0,31,67,.199,.300,.342,.642,83,93,11,9,1,1,1,2H/3D1,caratvi01
127,Dylan Carlson#,23,STL,NL,128,488,432,56,102,30,4,8,42,5,2,45,94,.236,.316,.380,.695,100,164,6,7,0,4,1,*89H/D,carlsdy01
128,Kerry Carpenter*,24,DET,AL,31,113,103,16,26,4,1,6,10,0,0,6,32,.252,.310,.485,.795,128,50,0,3,0,1,0,D7/9H,carpeke01
129,Matt Carpenter*,36,NYY,AL,47,154,128,28,39,9,0,15,37,0,0,19,35,.305,.412,.727,1.138,217,93,2,5,1,1,1,DH9/375,carpema01
130,Corbin Carroll*,21,ARI,NL,32,115,104,13,27,9,2,4,14,2,1,8,31,.260,.330,.500,.830,133,52,1,3,0,0,0,7/8HD9,carroco02
131,Curt Casali,33,TOT,MLB,57,176,148,20,30,4,0,5,17,0,0,24,50,.203,.318,.331,.649,86,49,1,2,0,2,0,2/3DH,casalcu01
132,Triston Casas*,22,BOS,AL,27,95,76,11,15,1,0,5,12,1,0,19,23,.197,.358,.408,.766,113,31,4,0,0,0,0,3/H,casastr01
133,Nick Castellanos,30,PHI,NL,136,558,524,56,138,27,0,13,62,7,1,29,130,.263,.305,.389,.694,95,204,15,3,0,2,0,*9D/7H,casteni01
134,Diego Castillo,28,SEA,AL,2,0,0,0,0,0,0,0,0,0,0,0,0,,,,,,0,0,0,0,0,0,1,castidi01
135,Diego Castillo,24,PIT,NL,96,283,262,28,54,13,0,11,29,1,1,14,75,.206,.251,.382,.633,76,100,7,3,0,4,1,649H/35D1,castidi02
136,Harold Castro*,28,DET,AL,120,443,420,37,114,21,2,7,47,0,1,17,79,.271,.300,.381,.681,98,160,5,1,3,2,1,3564H/D178,castrha01
137,Jason Castro*,35,HOU,AL,34,88,78,6,9,2,0,1,3,1,0,8,40,.115,.205,.179,.384,11,14,1,1,0,1,0,2/H,castrja01
138,Rodolfo Castro#,23,PIT,NL,71,278,253,25,59,8,4,11,27,5,3,22,74,.233,.299,.427,.725,102,108,6,2,0,1,0,456/DH,castrro01
139,Willi Castro#,25,DET,AL,112,392,365,47,88,18,2,8,31,9,4,15,82,.241,.284,.367,.651,89,134,4,8,1,3,0,97486H/5D,castrwi01
140,Jake Cave*,29,MIN,AL,54,177,164,17,35,7,3,5,20,2,0,11,49,.213,.260,.384,.644,84,63,2,0,0,2,0,79/H8,caveja01
141,Gilberto Celestino,23,MIN,AL,122,347,311,30,74,12,1,2,24,4,1,32,77,.238,.313,.302,.615,80,94,13,2,2,0,0,*87H/9,celesgi01
142,Yu Chang,26,TOT,MLB,69,190,168,19,35,6,0,4,15,0,1,16,59,.208,.289,.315,.605,75,53,5,4,0,2,0,46/35HD1,changyu01
143,Matt Chapman,29,TOR,AL,155,621,538,83,123,27,1,27,76,2,2,68,170,.229,.324,.433,.757,115,233,7,10,0,5,1,*5/HD,chapmma01
144,Michael Chavis,26,PIT,NL,129,426,401,39,92,16,3,14,49,1,1,19,126,.229,.265,.389,.654,82,156,4,2,0,4,1,3H4/5D,chavimi01
145,Robinson Chirinos,38,BAL,AL,67,220,195,10,35,9,0,4,22,1,0,19,67,.179,.265,.287,.552,58,56,4,4,1,1,0,2/H,chiriro01
146,Jazz Chisholm Jr.*,24,MIA,NL,60,241,213,39,54,10,4,14,45,12,5,21,66,.254,.325,.535,.860,139,114,0,3,0,3,0,4/H,chishja01
147,Ji-Man Choi*,31,TBR,AL,113,419,356,36,83,22,0,11,52,0,0,58,123,.233,.341,.388,.729,114,138,3,2,0,3,3,3DH,choiji01
148,Taylor Clarke,29,KCR,AL,4,0,0,0,0,0,0,0,0,0,0,0,0,,,,,,0,0,0,0,0,0,1,clarkta01
149,Kody Clemens*,26,DET,AL,56,127,117,13,17,4,0,5,17,1,0,8,33,.145,.197,.308,.505,45,36,1,0,0,2,0,5H3/47D1,clemeko01
150,Ernie Clement,26,TOT,AL,69,179,163,19,30,4,0,0,6,0,1,11,26,.184,.243,.209,.452,33,34,3,2,2,1,0,5H47/D316,clemeer01
151,Dylan Coleman,25,KCR,AL,4,0,0,0,0,0,0,0,0,0,0,0,0,,,,,,0,0,0,0,0,0,1,colemdy01
152,Zack Collins*,27,TOT,MLB,36,108,97,9,15,4,0,4,11,0,0,9,41,.155,.231,.320,.551,56,31,0,1,0,1,0,2D/3H,colliza01
153,Alex Colome,33,COL,NL,1,0,0,0,0,0,0,0,0,0,0,0,0,,,,,,0,0,0,0,0,0,1,colomal01
154,Mark Contreras*,27,MIN,AL,28,61,58,9,7,1,0,3,6,1,0,1,21,.121,.148,.293,.441,24,17,2,1,0,1,0,8/9H7,contrma01
155,William Contreras,24,ATL,NL,97,376,334,51,93,14,1,20,45,2,0,39,104,.278,.354,.506,.860,138,169,5,1,0,2,1,2D/H7,contrwi02
156,Willson Contreras,30,CHC,NL,113,487,416,65,101,23,2,22,55,4,2,45,103,.243,.349,.466,.815,128,194,14,24,0,2,0,2D/H,contrwi01
157,Garrett Cooper,31,MIA,NL,119,469,414,37,108,33,2,9,50,0,0,40,119,.261,.337,.415,.752,113,172,6,10,0,5,0,3D/H,coopega03
158,Franchy Cordero*,27,BOS,AL,84,275,242,36,53,17,1,8,29,4,1,28,92,.219,.300,.397,.697,92,96,1,1,2,2,1,397H/D8,cordefr02
159,Carlos Correa,27,MIN,AL,136,590,522,70,152,24,1,22,64,0,1,61,121,.291,.366,.467,.834,140,244,18,3,0,4,2,*6/DH,correca01
160,Brandon Crawford*,35,SFG,NL,118,458,407,50,94,15,2,9,52,1,1,39,98,.231,.308,.344,.652,85,140,12,8,0,4,3,*6/H,crawfbr01
161,J.P. Crawford*,27,SEA,AL,145,603,518,57,126,24,3,6,42,3,2,68,80,.243,.339,.336,.675,100,174,11,10,2,5,0,*6/H,crawfjp01
162,C.J. Cron,32,COL,NL,150,632,575,79,148,28,3,29,102,0,0,43,164,.257,.315,.468,.783,107,269,16,8,0,5,6,*3D/H,croncj01
163,Jake Cronenworth*,28,SDP,NL,158,684,587,88,140,30,4,17,88,3,0,70,131,.239,.332,.390,.722,111,229,2,16,0,8,3,*43/6HD,croneja01
164,Narciso Crook,26,CHC,NL,4,9,8,1,2,1,0,0,2,0,0,0,3,.250,.222,.375,.597,65,3,1,0,0,1,0,/H98,crookna01
165,Nelson Cruz,41,WSN,NL,124,507,448,50,105,16,0,10,64,4,0,49,119,.234,.313,.337,.651,90,151,16,4,0,3,1,*D/H,cruzne02
166,Oneil Cruz*,23,PIT,NL,87,361,331,45,77,13,4,17,54,10,4,28,126,.233,.294,.450,.744,107,149,3,1,0,1,1,6/DH7,cruzon01
167,Charlie Culberson,33,TEX,AL,68,124,115,19,29,6,0,2,12,2,3,5,31,.252,.283,.357,.640,83,41,5,0,4,0,0,5H74D/136,culbech01
168,Travis d'Arnaud,33,ATL,NL,107,426,396,61,106,25,1,18,60,0,0,19,90,.268,.319,.472,.791,119,187,12,11,0,0,0,2/DH,darnatr01
169,Bobby Dalbec,27,BOS,AL,117,353,317,40,68,9,2,12,39,3,0,29,118,.215,.283,.369,.652,80,117,5,3,0,4,0,35H/D46,dalbebo01
170,Matt Davidson,31,TOT,MLB,13,37,34,3,5,0,0,2,3,0,1,3,13,.147,.216,.324,.540,54,11,0,0,0,0,0,/5DH3,davidma02
171,Brendon Davis,24,DET,AL,3,11,10,2,2,0,0,0,0,1,0,1,3,.200,.273,.200,.473,42,2,0,0,0,0,0,/95,davisbr04
172,J.D. Davis,29,TOT,NL,115,365,318,46,79,16,1,12,35,1,1,39,122,.248,.340,.418,.758,115,133,13,6,0,2,1,DH53/7,davisjd01
173,Jaylin Davis,27,BOS,AL,12,27,24,4,8,1,0,0,2,0,0,3,11,.333,.407,.375,.782,120,9,0,0,0,0,0,/H897,davisja03
174,Jonathan Davis,30,MIL,NL,37,91,76,9,17,1,0,0,4,7,1,14,26,.224,.344,.237,.581,71,18,1,0,1,0,0,8/H,davisjo05
175,Ronnie Dawson*,27,CIN,NL,1,3,3,0,0,0,0,0,0,0,0,0,2,.000,.000,.000,.000,-100,0,0,0,0,0,0,/D,dawsoro01
176,Yonathan Daza,28,COL,NL,113,408,372,56,112,21,2,2,34,0,3,26,58,.301,.349,.384,.733,97,143,12,4,1,5,0,*87/H9,dazayo01
177,Bryan De La Cruz,25,MIA,NL,115,355,329,38,83,20,0,13,43,4,0,19,90,.252,.294,.432,.725,103,142,8,2,0,4,0,897H/D,delacbr01
178,Enyel De Los Santos,26,CLE,AL,1,0,0,0,0,0,0,0,0,0,0,0,0,,,,,,0,0,0,0,0,0,1,delosen01
179,Austin Dean,28,SFG,NL,3,9,8,1,3,0,0,0,0,0,0,1,0,.375,.444,.375,.819,136,3,0,0,0,0,0,/7H9,deanau01
180,Paul DeJong,28,STL,NL,77,237,210,19,33,9,0,6,25,3,2,21,79,.157,.245,.286,.530,53,60,2,4,0,2,0,6/H4D,dejonpa01
181,Jason Delay,27,PIT,NL,57,167,155,17,33,6,0,1,11,0,2,9,50,.213,.265,.271,.536,53,42,4,2,1,0,0,2,delayja01
182,Ben DeLuzio,27,STL,NL,22,25,20,3,3,1,0,0,0,0,1,3,5,.150,.292,.200,.492,46,4,0,1,1,0,0,8/HD,deluzbe01
183,Travis Demeritte,27,ATL,NL,26,96,89,9,19,2,0,3,6,0,0,6,32,.213,.260,.337,.597,66,30,2,0,0,1,0,9/7H,demertr01
184,Rafael Devers*,25,BOS,AL,141,614,555,84,164,42,1,27,88,3,1,50,114,.295,.358,.521,.879,141,289,14,6,0,3,11,*5/DH,deverra01
185,Aledmys Díaz,31,HOU,AL,92,327,305,35,74,13,0,12,38,1,1,18,53,.243,.287,.403,.691,95,123,7,2,0,2,0,746H5/D39,diazal02
186,Edwin Díaz,28,NYM,NL,2,0,0,0,0,0,0,0,0,0,0,0,0,,,,,,0,0,0,0,0,0,1,diazed04
187,Elias Diaz,31,COL,NL,105,381,351,29,80,18,2,9,51,0,1,25,82,.228,.281,.368,.648,73,129,8,2,0,3,0,2/H,diazel01
188,Jordan Diaz,21,OAK,AL,15,51,49,3,13,3,0,0,1,0,0,2,7,.265,.294,.327,.621,82,16,1,0,0,0,0,4/D3,diazjo03
189,Lewin Diaz*,25,MIA,NL,58,174,160,12,27,4,0,5,11,1,0,11,54,.169,.224,.288,.512,44,46,3,1,0,2,0,3/DH,diazle01
190,Yainer Diaz,23,HOU,AL,6,9,8,0,1,1,0,0,1,0,0,1,2,.125,.222,.250,.472,35,2,0,0,0,0,0,/D2H,diazya02
191,Yandy Díaz,30,TBR,AL,137,558,473,71,140,33,0,9,57,3,3,78,60,.296,.401,.423,.824,143,200,10,6,0,1,2,53DH,diazya01
192,Yusniel Diaz,25,BAL,AL,1,1,1,0,0,0,0,0,0,0,0,0,1,.000,.000,.000,.000,-100,0,0,0,0,0,0,/H9,diazyu01
193,Alex Dickerson*,32,ATL,NL,13,36,33,3,4,0,0,1,2,0,0,3,9,.121,.194,.212,.407,14,7,3,0,0,0,0,D/H9,dickeal01
194,Corey Dickerson*,33,STL,NL,96,297,281,28,75,17,1,6,36,0,0,12,48,.267,.300,.399,.698,100,112,4,2,0,2,1,7DH9/1,dickeco01
195,Wilmer Difo#,30,ARI,NL,3,6,6,0,0,0,0,0,0,0,0,0,1,.000,.000,.000,.000,-100,0,0,0,0,0,0,/64,difowi01
196,Brandon Dixon,30,SDP,NL,5,14,14,1,3,1,0,0,1,0,0,0,5,.214,.214,.286,.500,45,4,1,0,0,0,0,/D5H9,dixonbr01
197,Josh Donaldson,36,NYY,AL,132,546,478,59,106,28,0,15,62,2,2,54,148,.222,.308,.374,.682,94,179,13,8,0,6,1,5D/H,donaljo02
198,Brendan Donovan*,25,STL,NL,126,468,391,64,110,21,1,5,45,2,3,60,70,.281,.394,.379,.773,126,148,8,14,1,2,1,45973DH/6,donovbr01
199,Jeter Downs,23,BOS,AL,14,41,39,4,6,1,0,1,4,0,0,1,21,.154,.171,.256,.427,17,10,0,0,0,1,0,/45H6D,downsje01
200,Hunter Dozier,30,KCR,AL,128,500,462,51,109,26,4,12,41,4,3,34,125,.236,.292,.387,.679,91,179,14,3,0,1,0,395D/7H1,doziehu01
201,Brandon Drury,29,TOT,NL,138,568,518,87,136,31,2,28,87,2,3,38,126,.263,.320,.492,.813,122,255,8,8,0,4,0,534D/H69,drurybr01
202,Mauricio Dubon,27,TOT,MLB,104,265,243,31,52,9,0,5,24,2,3,13,30,.214,.252,.313,.565,60,76,7,1,3,5,0,864H/759D,dubonma01
203,Tyler Duffey,31,MIN,AL,2,0,0,0,0,0,0,0,0,0,0,0,0,,,,,,0,0,0,0,0,0,1,duffety01
204,Matt Duffy,31,LAA,AL,77,247,228,14,57,8,0,2,16,0,0,17,50,.250,.308,.311,.619,77,71,6,2,0,0,0,534H,duffyma01
205,Steven Duggar*,28,TOT,MLB,29,80,72,7,11,3,1,0,4,5,1,7,41,.153,.225,.222,.447,28,16,0,0,0,1,0,87/H,duggast01
206,Joe Dunand,26,MIA,NL,3,11,10,2,3,1,0,1,1,0,0,0,3,.300,.364,.700,1.064,193,7,0,1,0,0,0,/45,dunanjo01
207,Ezequiel Duran,23,TEX,AL,58,220,208,25,49,10,1,5,25,4,1,12,54,.236,.277,.365,.643,83,76,3,0,0,0,0,5/4HD,duranez01
208,Jarren Duran*,25,BOS,AL,58,223,204,23,45,14,3,3,17,7,1,14,63,.221,.283,.363,.645,78,74,1,4,0,1,0,8/9HD,duranja01
209,Jhoan Duran,24,MIN,AL,3,0,0,0,0,0,0,0,0,0,0,0,0,,,,,,0,0,0,0,0,0,1,duranjh01
210,Adam Duvall,33,ATL,NL,86,315,287,39,61,16,1,12,36,0,2,21,101,.213,.276,.401,.677,87,115,2,5,0,2,0,879/H,duvalad01
211,Nate Eaton,25,KCR,AL,44,122,106,16,28,4,3,1,12,11,1,10,30,.264,.331,.387,.717,103,41,2,2,1,3,0,95H/78,eatonna01
212,Tommy Edman#,27,STL,NL,153,630,577,95,153,31,4,13,57,32,3,46,111,.265,.324,.400,.725,108,231,10,5,1,1,2,46/5H98,edmanto01
213,Drew Ellis,26,TOT,MLB,7,17,16,2,3,1,0,0,1,0,0,1,7,.188,.235,.250,.485,40,4,0,0,0,0,0,/5,ellisdr01
214,Jerar Encarnacion,24,MIA,NL,23,81,77,7,14,3,0,3,14,2,0,3,32,.182,.210,.338,.548,52,26,3,0,0,1,0,79/DH,encarje01
215,Adam Engel,30,CHW,AL,119,260,245,32,55,13,1,2,17,12,4,11,76,.224,.269,.310,.579,64,76,2,4,0,0,1,*89H/D7,engelad01
216,Alcides Escobar,35,WSN,NL,40,131,124,12,27,4,2,0,8,1,1,5,32,.218,.260,.282,.542,58,35,1,2,0,0,0,6/H41,escobal02
217,Eduardo Escobar#,33,NYM,NL,136,542,495,58,119,26,4,20,69,0,2,40,129,.240,.295,.430,.726,106,213,4,1,0,6,3,*5/DH4,escobed01
218,Santiago Espinal,27,TOR,AL,135,491,449,51,120,25,0,7,51,6,6,36,68,.267,.322,.370,.692,99,166,12,2,1,3,1,*4H56,espinsa01
219,Carlos Estevez,29,COL,NL,1,0,0,0,0,0,0,0,0,0,0,0,0,,,,,,0,0,0,0,0,0,1,estevca01
220,Thairo Estrada,26,SFG,NL,140,541,488,71,127,22,2,14,62,21,6,33,89,.260,.322,.400,.722,103,195,10,14,1,5,0,467H/58,estrath01
221,Stuart Fairchild,26,TOT,MLB,46,110,97,14,24,4,1,5,6,0,2,8,34,.247,.336,.464,.800,116,45,1,5,0,0,0,78/H9,faircst01
222,Jeurys Familia,32,TOT,MLB,1,0,0,0,0,0,0,0,0,0,0,0,0,,,,,,0,0,0,0,0,0,1,familje01
223,Kyle Farmer,31,CIN,NL,145,583,526,58,134,25,1,14,78,4,3,33,99,.255,.315,.386,.701,90,203,20,16,2,6,0,65D/H3,farmeky01
224,Mario Feliciano,23,MIL,NL,2,5,4,0,1,0,0,0,0,0,0,1,1,.250,.400,.250,.650,92,1,0,0,0,0,0,/2,felicma01
225,Freddy Fermin,27,KCR,AL,3,7,7,1,0,0,0,0,0,0,1,0,3,.000,.000,.000,.000,-100,0,0,0,0,0,0,/2,fermifr01
226,David Fletcher,28,LAA,AL,61,228,216,20,55,9,1,2,17,1,0,7,16,.255,.288,.333,.621,77,72,6,3,2,0,0,46/H,fletcda02
227,Wilmer Flores,30,SFG,NL,151,602,525,72,120,28,1,19,71,0,0,59,103,.229,.316,.394,.710,100,207,7,11,0,7,1,435DH,florewi01
228,Estevan Florial*,24,NYY,AL,17,35,31,4,3,0,0,0,1,2,0,3,13,.097,.200,.097,.297,-11,3,0,1,0,0,0,8/HD7,flories01
229,Dylan Floro*,31,MIA,NL,1,0,0,0,0,0,0,0,0,0,0,0,0,,,,,,0,0,0,0,0,0,1,florody01
230,Mike Ford*,29,TOT,MLB,50,149,131,9,27,5,0,3,10,0,0,17,40,.206,.302,.313,.615,77,41,1,1,0,0,0,3DH/1,fordmi01
231,Nick Fortes,25,MIA,NL,72,240,217,41,50,6,1,9,24,5,3,18,45,.230,.304,.392,.696,96,85,5,5,0,0,0,2DH/3,forteni01
232,Matt Foster,27,CHW,AL,1,0,0,0,0,0,0,0,0,0,0,0,0,,,,,,0,0,0,0,0,0,1,fostema01
233,Lucius Fox#,24,WSN,NL,10,28,25,2,2,0,0,0,2,1,0,1,9,.080,.115,.080,.195,-42,2,1,0,2,0,0,/65H,foxlu01
234,Jake Fraley*,27,CIN,NL,68,247,216,33,56,9,0,12,28,4,1,26,54,.259,.344,.468,.812,118,101,1,3,0,2,1,79DH/8,fraleja01
235,Ty France,27,SEA,AL,140,613,551,65,151,27,1,20,83,0,0,35,94,.274,.338,.436,.774,125,240,18,21,0,5,3,*3/D5H4,francty01
236,Maikel Franco,29,WSN,NL,103,388,371,31,85,15,0,9,39,1,0,12,75,.229,.255,.342,.597,72,127,18,2,0,3,0,5/3HD,francma02
237,Wander Franco#,21,TBR,AL,83,344,314,46,87,20,3,6,33,8,0,26,33,.277,.328,.417,.746,117,131,5,0,0,4,1,6D/H,francwa01
238,Adam Frazier*,30,SEA,AL,156,602,541,61,129,22,4,3,42,11,6,46,73,.238,.301,.311,.612,80,168,15,5,4,6,1,*497H/D68,fraziad01
239,Jackson Frazier,27,CHC,NL,19,45,37,4,8,3,0,0,1,1,0,7,11,.216,.356,.297,.653,88,11,1,1,0,0,0,/DH79,frazicl01
240,Freddie Freeman*,32,LAD,NL,159,708,612,117,199,47,2,21,100,13,3,84,102,.325,.407,.511,.918,152,313,6,5,0,7,12,*3,freemfr01
241,Tyler Freeman,23,CLE,AL,24,86,77,9,19,3,0,0,3,1,0,4,11,.247,.314,.286,.600,76,22,2,4,0,1,0,5/64HD,freemty01
242,TJ Friedl*,26,CIN,NL,72,258,225,33,54,10,5,8,25,7,2,20,40,.240,.314,.436,.750,101,98,3,7,0,6,0,789H/D,friedtj01
243,Michael Fulmer,29,TOT,AL,1,0,0,0,0,0,0,0,0,0,0,0,0,,,,,,0,0,0,0,0,0,1,fulmemi01
244,Cam Gallagher,29,KCR,AL,18,47,42,1,9,5,0,0,5,0,0,3,13,.214,.267,.333,.600,69,14,0,0,2,0,0,2,gallaca01
245,Joey Gallo*,28,TOT,MLB,126,410,350,48,56,8,2,19,47,3,0,56,163,.160,.280,.357,.638,79,125,0,3,0,1,0,*79H/D38,gallojo01
246,Ben Gamel*,30,PIT,NL,115,423,371,42,86,20,2,9,46,5,1,48,98,.232,.324,.369,.693,96,137,5,3,0,1,2,79DH/38,gamelbe01
247,Adolis García,29,TEX,AL,156,657,605,88,151,34,5,27,101,25,6,40,183,.250,.300,.456,.756,113,276,9,6,0,6,2,*98D/H,garciad02
248,Aramis Garcia,29,CIN,NL,47,115,108,6,23,2,0,1,4,0,1,3,34,.213,.248,.259,.507,38,28,4,2,2,0,0,2/3HD,garciar01
249,Avisail Garcia,31,MIA,NL,98,380,357,31,80,9,0,8,35,4,0,17,109,.224,.266,.317,.582,65,113,12,4,0,2,0,9D/H,garciav01
250,Dermis Garcia,24,OAK,AL,39,125,116,13,24,6,0,5,20,0,0,8,55,.207,.264,.388,.652,88,45,1,1,0,0,0,3/HD7,garcide02
251,Leury Garcia#,31,CHW,AL,97,315,300,38,63,8,0,3,20,2,0,7,65,.210,.233,.267,.500,42,80,6,3,2,3,0,46H9/75D8,garcile02
252,Luis Garcia*,22,WSN,NL,93,377,360,29,99,23,2,7,45,3,4,11,84,.275,.295,.408,.704,102,147,5,1,1,4,1,64/H,garcilu04
253,Maikel Garcia,22,KCR,AL,9,23,22,1,7,1,0,0,2,0,0,1,5,.318,.348,.364,.711,103,8,1,0,0,0,0,/6H,garcima01
254,Rico Garcia,28,BAL,AL,1,0,0,0,0,0,0,0,0,0,0,0,0,,,,,,0,0,0,0,0,0,/1,garciri01
255,Kyle Garlick,30,MIN,AL,66,162,150,23,35,3,0,9,18,0,0,8,48,.233,.284,.433,.717,104,65,2,3,0,1,0,79H/D,garliky01
256,Dustin Garneau,34,DET,AL,8,11,10,1,3,1,0,0,1,0,0,1,4,.300,.364,.400,.764,124,4,0,0,0,0,0,/2H,garnedu01
257,Stone Garrett,26,ARI,NL,27,84,76,13,21,8,0,4,10,3,1,3,27,.276,.309,.539,.848,136,41,1,1,0,1,0,7/DH,garrest01
258,Mitch Garver,31,TEX,AL,54,215,188,23,39,7,0,10,24,1,1,23,53,.207,.298,.404,.702,99,76,3,2,0,2,0,D2/H,garvemi01
259,Lucas Gilbreath*,26,COL,NL,1,0,0,0,0,0,0,0,0,0,0,0,0,,,,,,0,0,0,0,0,0,1,gilbrlu01
260,Andres Gimenez*,23,CLE,AL,146,557,491,66,146,26,3,17,69,20,3,34,112,.297,.371,.466,.837,141,229,9,25,4,3,4,*46/H,gimenan01
261,Kevin Ginkel*,28,ARI,NL,1,0,0,0,0,0,0,0,0,0,0,0,0,,,,,,0,0,0,0,0,0,1,ginkeke01
262,Mychal Givens,32,TOT,NL,1,0,0,0,0,0,0,0,0,0,0,0,0,,,,,,0,0,0,0,0,0,1/H,givenmy01
263,Jose Godoy*,27,TOT,MLB,10,22,20,3,1,0,0,0,1,0,0,2,9,.050,.136,.050,.186,-44,1,0,0,0,0,0,2,godoyjo01
264,Paul Goldschmidt,34,STL,NL,151,651,561,106,178,41,0,35,115,7,0,79,141,.317,.404,.578,.981,180,324,7,5,0,4,1,*3D/H,goldspa01
265,Yan Gomes,34,CHC,NL,86,293,277,23,65,12,0,8,31,2,0,8,47,.235,.260,.365,.625,75,101,15,3,1,4,0,2/DH,gomesya01
266,Erik Gonzalez,30,MIA,NL,16,41,37,4,7,1,0,0,3,1,0,4,12,.189,.268,.216,.485,40,8,1,0,0,0,0,/6543,gonzaer01
267,Luis Gonzalez*,26,SFG,NL,98,350,311,31,79,17,2,4,36,10,2,30,75,.254,.323,.360,.683,93,112,5,4,0,5,1,97/H81D,gonzalu03
268,Marwin Gonzalez#,33,NYY,AL,85,207,184,20,34,7,0,6,18,3,0,14,54,.185,.255,.321,.576,64,59,8,4,3,2,0,9673H5/4D1,gonzama01
269,Oscar Gonzalez,24,CLE,AL,91,382,362,39,107,27,0,11,43,1,2,15,75,.296,.327,.461,.789,125,167,6,3,0,2,2,9/DH,gonzaos01
270,Romy Gonzalez,25,CHW,AL,32,109,105,15,25,4,1,2,11,0,1,2,39,.238,.257,.352,.609,71,37,3,1,0,1,0,4/H697,gonzaro01
271,Niko Goodrum#,30,HOU,AL,15,45,43,2,5,2,0,0,1,1,0,2,23,.116,.156,.163,.318,-9,7,0,0,0,0,0,4/3DH,goodrni01
272,Nick Gordon*,26,MIN,AL,136,443,405,45,110,28,4,9,50,6,4,19,105,.272,.316,.427,.743,113,173,8,10,3,6,1,7846H/1D5,gordoni01
273,Terrance Gore,31,NYM,NL,10,8,7,1,1,0,0,0,0,3,0,0,3,.143,.143,.143,.286,-17,1,0,0,1,0,0,/H87D,gorete01
274,Nolan Gorman*,22,STL,NL,89,313,283,44,64,13,0,14,35,1,0,28,103,.226,.300,.420,.721,106,119,2,2,0,0,0,4DH/7,gormano01
275,Phil Gosselin,33,TOT,MLB,34,77,74,6,11,0,1,0,2,0,0,2,24,.149,.182,.176,.357,2,13,1,1,0,0,0,54/H3D19,gosseph01
276,Yasmani Grandal#,33,CHW,AL,99,376,327,15,66,7,0,5,27,1,0,45,79,.202,.301,.269,.570,64,88,8,2,0,2,1,2D/3H,grandya01
277,Kendall Graveman,31,CHW,AL,1,0,0,0,0,0,0,0,0,0,0,0,0,,,,,,0,0,0,0,0,0,1,graveke01
278,Riley Greene*,21,DET,AL,93,418,376,46,95,18,4,5,42,1,4,36,120,.253,.321,.362,.682,99,136,8,3,0,3,0,8,greenri03
279,Didi Gregorius*,32,PHI,NL,63,232,214,17,45,9,4,1,19,1,0,13,36,.210,.263,.304,.567,60,65,0,3,0,2,0,6/H,gregodi01
280,Grayson Greiner,29,ARI,NL,2,8,6,0,1,0,0,0,0,0,0,2,3,.167,.375,.167,.542,63,1,0,0,0,0,0,/2,greingr01
281,Randal Grichuk,30,COL,NL,140,538,506,60,131,21,3,19,73,4,0,24,127,.259,.299,.425,.724,92,215,12,6,0,2,0,*98/HD1,grichra01
282,Justin Grimm,33,OAK,AL,1,0,0,0,0,0,0,0,0,0,0,0,0,,,,,,0,0,0,0,0,0,1,grimmju01
283,Trent Grisham*,25,SDP,NL,152,524,451,58,83,16,2,17,53,7,1,57,150,.184,.284,.341,.626,83,154,3,7,7,2,1,*8H,grishtr01
284,Vaughn Grissom,21,ATL,NL,41,156,141,24,41,6,0,5,18,5,2,11,34,.291,.353,.440,.792,121,62,0,3,0,1,1,4/6,grissva01
285,Jordan Groshans,22,MIA,NL,17,65,61,9,16,0,0,1,2,0,0,4,13,.262,.308,.311,.619,77,19,2,0,0,0,0,5,groshjo01
286,Robbie Grossman#,32,TOT,MLB,129,477,411,40,86,19,1,7,45,6,2,56,129,.209,.310,.311,.622,80,128,3,6,0,4,0,*79H/D,grossro01
287,Vladimir Guerrero Jr.,23,TOR,AL,160,706,638,90,175,35,0,32,97,8,3,58,116,.274,.339,.480,.818,132,306,26,6,0,4,6,*3D/H5,guerrvl02
288,Luis Guillorme*,27,NYM,NL,102,335,297,33,81,12,1,2,17,1,0,34,46,.273,.351,.340,.691,101,101,15,2,2,0,1,456/HD,guilllu01
289,Lourdes Gurriel Jr.,28,TOR,AL,121,493,453,52,132,32,1,5,52,3,4,31,83,.291,.343,.400,.743,113,181,11,6,0,2,1,7D/3H,gurrilo01
290,Yuli Gurriel,38,HOU,AL,146,584,545,53,132,40,0,8,53,8,0,30,73,.242,.288,.360,.647,84,196,13,6,0,3,0,*3/DH,gourryu01
291,Dalton Guthrie,26,PHI,NL,14,28,21,3,7,0,0,1,5,1,0,6,7,.333,.500,.476,.976,179,10,0,1,0,0,0,9/H45,guthrda01
292,Kelvin Gutierrez,27,BAL,AL,12,33,28,2,4,1,0,0,3,1,0,4,8,.143,.250,.179,.429,25,5,1,0,0,0,0,5/HD,gutieke01
293,Ronald Guzman*,27,NYY,AL,3,6,6,0,0,0,0,0,0,0,0,0,5,.000,.000,.000,.000,-100,0,1,0,0,0,0,/3,guzmaro01
294,Eric Haase,29,DET,AL,110,351,323,41,82,17,1,14,44,0,0,24,97,.254,.305,.443,.748,115,143,9,1,0,3,1,2HD7,haaseer01
295,Jake Hager,29,ARI,NL,28,59,50,4,12,2,0,0,3,0,0,8,17,.240,.345,.280,.625,82,14,0,0,1,0,0,4/561DH,hagerja01
296,Sam Haggerty#,28,SEA,AL,83,201,176,29,45,9,1,5,23,13,1,18,53,.256,.335,.403,.738,116,71,4,4,1,2,3,97H/D84,haggesa01
297,Darick Hall*,26,PHI,NL,41,142,136,19,34,8,1,9,16,0,0,5,44,.250,.282,.522,.804,121,71,3,1,0,0,0,D/3H1,hallda02
298,Billy Hamilton,31,TOT,MLB,37,23,20,13,1,0,0,0,0,10,1,2,12,.050,.136,.050,.186,-43,1,0,0,1,0,0,H7/8D45,hamilbi02
299,Caleb Hamilton,27,MIN,AL,22,23,18,5,1,0,0,1,1,0,0,4,14,.056,.227,.222,.449,31,4,0,0,1,0,0,2/H3D,hamilca01
300,Garrett Hampson,27,COL,NL,90,226,199,29,42,7,3,2,15,12,2,21,63,.211,.287,.307,.594,60,61,3,1,3,2,0,86H4/5D,hampsga01
301,Mitch Haniger,31,SEA,AL,57,247,224,31,55,8,0,11,34,0,0,20,65,.246,.308,.429,.736,114,96,7,1,0,2,1,9D,hanigmi01
302,Ian Happ#,27,CHC,NL,158,641,573,72,155,42,2,17,72,9,4,58,149,.271,.342,.440,.781,119,252,11,6,0,4,4,*7D/H8,happia01
303,Bryce Harper*,29,PHI,NL,99,426,370,63,106,28,1,18,65,11,4,46,87,.286,.364,.514,.877,145,190,13,3,0,7,9,D/9H,harpebr03
304,Michael Harris*,21,ATL,NL,114,441,414,75,123,27,3,19,64,20,2,21,107,.297,.339,.514,.853,135,213,7,5,1,0,0,*8,harrimi04
305,Josh Harrison,34,CHW,AL,119,425,386,50,99,19,2,7,27,2,1,21,71,.256,.317,.370,.687,94,143,9,14,2,2,0,45/HD176,harrijo05
306,Monte Harrison,26,LAA,AL,9,14,11,5,2,0,0,1,3,1,0,2,8,.182,.357,.455,.812,129,5,1,1,0,0,0,/78H,harrimo01
307,Adam Haseley*,26,CHW,AL,14,25,21,4,5,0,0,0,2,0,0,3,7,.238,.333,.238,.571,66,5,0,0,1,0,0,/H978D,haselad01
308,Ke'Bryan Hayes,25,PIT,NL,136,560,505,55,123,24,3,7,41,20,5,48,122,.244,.314,.345,.659,87,174,12,5,0,2,0,*5/H6D,hayeske01
309,Austin Hays,26,BAL,AL,145,582,535,66,134,35,2,16,60,2,4,34,114,.250,.306,.413,.719,103,221,11,10,0,3,0,*79/8DH,haysau01
310,Austin Hedges,29,CLE,AL,105,338,294,26,48,4,0,7,30,2,0,25,78,.163,.241,.248,.489,42,73,12,6,10,3,0,2,hedgeau01
311,Jonah Heim#,27,TEX,AL,127,450,406,51,92,20,1,16,48,2,0,41,87,.227,.298,.399,.697,98,162,10,1,0,2,0,*2H/D,heimjo01
312,Tyler Heineman#,31,TOT,MLB,62,174,157,16,34,8,0,0,9,1,0,8,17,.217,.276,.268,.544,56,42,3,5,4,0,0,2/HD,heinety01
313,Gunnar Henderson*,21,BAL,AL,34,132,116,12,30,7,1,4,18,1,1,16,34,.259,.348,.440,.788,123,51,1,0,0,0,1,5/6DH4,hendegu01
314,Liam Hendriks,33,CHW,AL,1,0,0,0,0,0,0,0,0,0,0,0,0,,,,,,0,0,0,0,0,0,1,hendrli01
315,Ryan Hendrix,27,CIN,NL,1,0,0,0,0,0,0,0,0,0,0,0,0,,,,,,0,0,0,0,0,0,/1,hendrry01
316,Payton Henry,25,MIA,NL,15,35,28,2,4,0,0,0,4,0,0,5,8,.143,.314,.143,.457,37,4,0,2,0,0,0,2/H,henrypa01
317,David Hensley,26,HOU,AL,16,34,29,7,10,2,1,1,5,0,0,5,6,.345,.441,.586,1.027,191,17,3,0,0,0,0,/D45H67,henslda01
318,Guillermo Heredia,31,ATL,NL,74,82,76,12,12,3,1,3,8,0,0,6,32,.158,.220,.342,.562,55,26,1,0,0,0,0,79H/8D,heredgu01
319,Michael Hermosillo,27,CHC,NL,31,73,61,7,7,2,0,0,4,1,0,7,27,.115,.250,.148,.398,17,9,0,4,1,0,0,8/H97,hermomi01
320,Carlos Hernandez,25,KCR,AL,1,0,0,0,0,0,0,0,0,0,0,0,0,,,,,,0,0,0,0,0,0,1,hernaca04
321,Cesar Hernandez#,32,WSN,NL,147,617,560,64,139,28,4,1,34,10,4,45,114,.248,.311,.318,.629,84,178,9,7,3,2,0,*47/5H,hernace02
322,Elier Hernandez,27,TEX,AL,14,35,33,4,6,2,0,0,3,0,0,1,15,.182,.200,.242,.442,27,8,1,0,0,1,0,/7DH39,hernael02
323,Enrique Hernandez,30,BOS,AL,93,402,361,48,80,24,0,6,45,0,2,34,71,.222,.291,.338,.629,75,122,11,3,0,4,0,846/H,hernaen02
324,Teoscar Hernandez,29,TOR,AL,131,535,499,71,133,35,1,25,77,6,3,34,152,.267,.316,.491,.807,127,245,18,2,0,0,0,*9D/7H,hernate01
325,Yadiel Hernández*,34,WSN,NL,94,327,305,30,82,16,0,9,41,2,1,19,74,.269,.312,.410,.722,108,125,9,1,0,2,0,7DH/9,hernaya01
326,Yonny Hernandez#,24,ARI,NL,12,28,24,2,2,0,0,0,0,2,0,2,4,.083,.154,.083,.237,-29,2,0,0,2,0,0,5/4H,hernayo02
327,Ivan Herrera,22,STL,NL,11,22,18,0,2,0,0,0,1,0,0,2,8,.111,.190,.111,.302,-9,2,0,0,1,1,0,2,herreiv01
328,Jose Herrera#,25,ARI,NL,47,124,111,9,21,2,0,0,5,0,0,9,34,.189,.250,.207,.457,33,23,1,0,4,0,0,2/DH,herrejo04
329,Odubel Herrera*,30,PHI,NL,62,197,185,23,44,9,1,5,21,6,0,11,42,.238,.279,.378,.658,84,70,3,0,0,1,0,87H/9,herreod01
330,Jason Heyward*,32,CHC,NL,48,151,137,15,28,5,1,1,10,1,0,11,32,.204,.278,.277,.556,58,38,3,3,0,0,0,89/H,heywaja01
331,Brewer Hicklen,26,KCR,AL,6,4,4,1,0,0,0,0,0,0,0,0,4,.000,.000,.000,.000,-100,0,0,0,0,0,0,/H798,hicklbr01
332,Aaron Hicks#,32,NYY,AL,130,453,384,54,83,9,2,8,40,10,3,62,109,.216,.330,.313,.642,86,120,10,4,1,2,3,*87H/D,hicksaa01
333,Kyle Higashioka,32,NYY,AL,83,248,229,27,52,7,0,10,31,0,1,12,52,.227,.264,.389,.653,84,89,5,1,2,4,0,2/HD,higasky01
334,P.J. Higgins,29,CHC,NL,74,229,201,23,46,11,1,6,30,0,0,22,58,.229,.310,.383,.693,95,77,2,2,3,1,0,32H/5D,higgipj01
335,Derek Hill,26,DET,AL,31,92,83,8,19,2,0,1,3,3,0,5,28,.229,.270,.289,.559,64,24,0,0,3,1,0,8/H,hillde01
336,Sam Hilliard*,28,COL,NL,70,200,174,26,32,6,1,2,14,5,1,23,57,.184,.280,.264,.544,48,46,2,1,0,2,0,78/H9,hillisa01
337,Keston Hiura,25,MIL,NL,80,266,234,34,53,8,1,14,32,5,2,23,111,.226,.316,.449,.765,115,105,3,8,0,1,0,3D4/H7,hiurake01
338,Nico Hoerner,25,CHC,NL,135,517,481,60,135,22,5,10,55,20,2,28,57,.281,.327,.410,.736,107,197,11,6,0,2,4,*6/H5D,hoernni01
339,Jeff Hoffman,29,CIN,NL,1,0,0,0,0,0,0,0,0,0,0,0,0,,,,,,0,0,0,0,0,0,1,hoffmje02
340,Rhys Hoskins,29,PHI,NL,156,672,589,81,145,33,2,30,79,2,1,72,169,.246,.332,.462,.794,122,272,12,6,0,4,0,*3/DH,hoskirh01
341,Eric Hosmer*,32,TOT,MLB,104,419,380,38,102,19,0,8,44,0,0,37,64,.268,.334,.382,.716,108,145,12,1,0,1,5,3/D,hosmeer01
342,Sam Huff,24,TEX,AL,44,132,121,9,29,4,0,4,10,1,0,11,42,.240,.303,.372,.675,93,45,1,0,0,0,1,2/H3D,huffsa01
343,Brandon Hughes#,26,CHC,NL,1,0,0,0,0,0,0,0,0,0,0,0,0,,,,,,0,0,0,0,0,0,1,hughebr01
344,Cooper Hummel#,27,ARI,NL,66,201,176,20,31,8,3,3,17,4,1,23,64,.176,.274,.307,.580,66,54,4,1,0,1,0,7H2D/9,hummeco01
345,Tommy Hunter,35,NYM,NL,2,0,0,0,0,0,0,0,0,0,0,0,0,,,,,,0,0,0,0,0,0,1,hunteto02
346,Andy Ibáñez,29,TEX,AL,40,128,119,13,26,4,0,1,9,3,0,9,21,.218,.273,.277,.551,59,33,0,0,0,0,0,5/D34H,ibanean01
347,José Iglesias,32,COL,NL,118,467,439,48,128,30,0,3,47,2,3,17,56,.292,.328,.380,.708,90,167,11,8,0,3,0,*6/D,iglesjo01
348,Ender Inciarte*,31,NYM,NL,11,8,8,1,1,0,0,0,0,0,0,0,0,.125,.125,.125,.250,-28,1,0,0,0,0,0,/7H89D,inciaen01
349,Jonathan India,25,CIN,NL,103,431,386,48,96,16,2,10,41,3,4,31,94,.249,.327,.378,.705,91,146,5,14,0,0,1,4D/H,indiajo01
350,Kyle Isbel*,25,KCR,AL,106,278,256,32,54,10,4,5,28,9,6,16,75,.211,.264,.340,.603,70,87,5,3,1,2,0,987H/D,isbelky01
351,Alex Jackson,26,MIL,NL,5,12,12,0,3,0,0,0,0,0,0,0,7,.250,.250,.250,.500,44,3,0,0,0,0,0,/2H,jacksal02
352,Drew Jackson,28,OAK,AL,3,3,3,0,0,0,0,0,0,0,0,0,1,.000,.000,.000,.000,-100,0,0,0,0,0,0,/957H,jacksdr01
353,Travis Jankowski*,31,TOT,MLB,44,64,55,11,9,0,0,0,2,3,0,8,10,.164,.281,.164,.445,33,9,0,1,0,0,0,7H98/D,jankotr01
354,Danny Jansen,27,TOR,AL,72,248,215,34,56,10,0,15,44,1,0,25,44,.260,.339,.516,.855,141,111,1,3,0,5,1,2/HD,janseda01
355,Ryan Jeffers,25,MIN,AL,67,236,212,25,44,10,1,7,27,0,0,23,62,.208,.285,.363,.648,86,77,6,0,1,0,0,2/DH,jeffery01
356,Eloy Jiménez,25,CHW,AL,84,327,292,40,86,12,0,16,54,0,0,28,72,.295,.358,.500,.858,140,146,8,3,0,4,0,D7/H,jimenel02
357,Connor Joe,29,COL,NL,111,467,404,56,96,20,4,7,28,6,2,55,97,.238,.338,.359,.697,88,145,8,7,0,1,0,7D39H,joeco01
358,Bryce Johnson#,26,SFG,NL,11,19,18,1,2,0,0,0,2,0,0,1,7,.111,.158,.111,.269,-22,2,0,0,0,0,0,/897H,johnsbr03
359,Nolan Jones*,24,CLE,AL,28,94,86,10,21,5,0,2,13,0,0,8,31,.244,.309,.372,.681,96,32,2,0,0,0,1,9/DH,jonesno01
360,Taylor Jones,28,HOU,AL,1,1,1,0,0,0,0,0,0,0,0,0,0,.000,.000,.000,.000,-100,0,0,0,0,0,0,/H,jonesta01
361,Aaron Judge,30,NYY,AL,157,696,570,133,177,28,0,62,131,16,3,111,175,.311,.425,.686,1.111,211,391,14,6,0,5,19,*89D/H,judgeaa01
362,Josh Jung,24,TEX,AL,26,102,98,9,20,4,1,5,14,2,0,4,39,.204,.235,.418,.654,83,41,2,0,0,0,0,5/D,jungjo01
363,James Kaprielian,28,OAK,AL,1,0,0,0,0,0,0,0,0,0,0,0,0,,,,,,0,0,0,0,0,0,1/DH,kaprija01
364,Gosuke Katoh*,27,TOR,AL,8,11,7,2,1,1,0,0,0,0,0,3,1,.143,.400,.286,.686,102,2,0,0,1,0,0,/3H4D,katohgo01
365,Jarred Kelenic*,22,SEA,AL,54,181,163,20,23,5,1,7,17,5,2,16,61,.141,.221,.313,.534,55,51,3,1,0,1,0,89/H7D,kelenja01
366,Carson Kelly,27,ARI,NL,104,354,317,40,67,18,0,7,35,2,0,29,71,.211,.282,.334,.617,76,106,10,4,0,4,0,2/H1D,kellyca02
367,Tony Kemp*,30,OAK,AL,147,558,497,61,117,24,2,7,46,11,1,45,69,.235,.307,.334,.641,88,166,5,8,5,3,0,47H/D,kempto01
368,Buddy Kennedy,23,ARI,NL,30,94,83,10,18,2,2,1,12,0,0,8,23,.217,.287,.325,.613,75,27,1,1,0,2,0,4/HD5,kennebu01
369,Ian Kennedy,37,ARI,NL,1,0,0,0,0,0,0,0,0,0,0,0,0,,,,,,0,0,0,0,0,0,1,kenneia01
370,Max Kepler*,29,MIN,AL,115,446,388,54,88,18,1,9,43,3,2,49,66,.227,.318,.348,.666,93,135,7,5,0,4,1,*9/H8D,keplema01
371,Kevin Kiermaier*,32,TBR,AL,63,221,206,28,47,8,0,7,22,6,1,14,61,.228,.281,.369,.649,89,76,2,1,0,0,0,8/DH,kiermke01
372,Ha-Seong Kim,26,SDP,NL,150,582,517,58,130,29,3,11,59,12,2,51,100,.251,.325,.383,.708,107,198,9,7,3,4,0,*65/H,kimha01
373,Craig Kimbrel,34,LAD,NL,1,0,0,0,0,0,0,0,0,0,0,0,0,,,,,,0,0,0,0,0,0,1,kimbrcr01
374,Isiah Kiner-Falefa,27,NYY,AL,142,531,483,66,126,20,0,4,48,22,4,35,72,.261,.314,.327,.642,84,158,13,5,3,5,2,*6/5H,kineris01
375,Scott Kingery,28,PHI,NL,1,0,0,0,0,0,0,0,0,0,0,0,0,,,,,,0,0,0,0,0,0,/4,kingesc01
376,Alex Kirilloff*,24,MIN,AL,45,156,144,14,36,7,0,3,21,0,0,5,36,.250,.290,.361,.651,88,52,5,4,0,2,0,73/9DH,kirilal01
377,Alejandro Kirk,23,TOR,AL,139,541,470,59,134,19,0,14,63,0,0,63,58,.285,.372,.415,.786,126,195,11,4,0,4,2,2DH,kirkal01
378,Andrew Knapp#,30,TOT,MLB,16,46,39,4,5,1,0,0,4,0,0,5,12,.128,.239,.154,.393,15,6,0,1,0,1,0,2/H,knappan01
379,Andrew Knizner,27,STL,NL,96,293,260,28,56,10,0,4,25,0,1,26,62,.215,.301,.300,.601,75,78,9,6,1,0,0,2/H3D1,kniznan01
380,Mark Kolozsvary,26,CIN,NL,10,21,20,3,4,2,0,1,3,0,0,1,9,.200,.238,.450,.688,81,9,1,0,0,0,0,/2H,kolozma01
381,Joey Krehbiel,29,BAL,AL,1,0,0,0,0,0,0,0,0,0,0,0,0,,,,,,0,0,0,0,0,0,1,krehbjo01
382,Ryan Kreidler,24,DET,AL,26,84,73,8,13,1,0,1,6,0,1,6,22,.178,.244,.233,.477,41,17,0,1,2,2,0,56/H48,kreidry01
383,Jason Krizan*,33,SFG,NL,3,10,8,0,1,0,0,0,0,0,0,2,3,.125,.300,.125,.425,27,1,0,0,0,0,0,/7,krizaja01
384,Joel Kuhnel,27,CIN,NL,1,0,0,0,0,0,0,0,0,0,0,0,0,,,,,,0,0,0,0,0,0,1,kuhnejo01
385,Steven Kwan*,24,CLE,AL,147,638,563,89,168,25,7,6,52,19,5,62,60,.298,.373,.400,.772,124,225,9,7,2,4,2,*79/8HD,kwanst01
386,Tommy La Stella*,33,SFG,NL,60,195,180,17,43,14,0,2,14,0,0,11,30,.239,.282,.350,.632,78,63,4,1,0,3,0,DH/534,lasteto01
387,Juan Lagares,33,LAA,AL,20,62,60,4,11,2,1,0,0,0,0,2,15,.183,.210,.250,.460,30,15,0,0,0,0,0,/987H,lagarju01
388,Jake Lamb*,31,TOT,MLB,41,111,97,13,21,6,1,3,6,0,1,11,38,.216,.315,.392,.707,98,38,4,3,0,0,0,D7/H935,lambja01
389,Jimmy Lambert,27,CHW,AL,1,0,0,0,0,0,0,0,0,0,0,0,0,,,,,,0,0,0,0,0,0,1,lambeji01
390,Shea Langeliers,24,OAK,AL,40,153,142,14,31,10,1,6,22,0,0,9,53,.218,.261,.430,.691,98,61,4,0,0,2,0,D2,langesh01
391,Trevor Larnach*,25,MIN,AL,51,180,160,22,37,13,0,5,18,0,0,18,57,.231,.306,.406,.712,104,65,1,0,0,2,1,79/DH,larnatr01
392,Jack Larsen*,27,SEA,AL,1,1,1,0,0,0,0,0,0,0,0,0,1,.000,.000,.000,.000,-100,0,0,0,0,0,0,/9,larseja01
393,Ramon Laureano,27,OAK,AL,94,383,346,49,73,18,0,13,34,11,6,25,104,.211,.287,.376,.663,92,130,6,12,0,0,0,98/DH,laurera01
394,Bryan Lavastida,23,CLE,AL,6,15,12,0,1,0,0,0,0,0,0,3,4,.083,.267,.083,.350,8,1,0,0,0,0,0,/2,lavasbr01
395,Charles Leblanc,26,MIA,NL,48,169,156,18,41,10,0,4,11,4,2,12,53,.263,.320,.404,.723,104,63,0,1,0,0,0,45/3HD,leblach01
396,Khalil Lee*,24,NYM,NL,2,2,2,1,1,0,0,1,3,0,0,0,0,.500,.500,2.000,2.500,574,4,0,0,0,0,0,/8,leekh01
397,Korey Lee,23,HOU,AL,12,26,25,1,4,2,0,0,4,0,0,1,9,.160,.192,.240,.432,23,6,1,0,0,0,0,2/H,leeko01
398,DJ LeMahieu,33,NYY,AL,125,541,467,74,122,18,0,12,46,4,3,67,71,.261,.357,.377,.734,111,176,12,4,1,2,0,543/HD,lemahdj01
399,Sandy Leon#,33,TOT,AL,33,86,71,6,12,3,0,0,4,0,0,13,27,.169,.298,.211,.509,51,15,2,0,2,0,0,2/1,leonsa01
400,Josh Lester*,27,DET,AL,2,5,5,0,0,0,0,0,0,0,0,0,3,.000,.000,.000,.000,-100,0,0,0,0,0,0,/5DH,lestejo02
401,Kyle Lewis,26,SEA,AL,18,62,56,6,8,0,0,3,5,0,0,5,19,.143,.226,.304,.529,54,17,2,1,0,0,0,D/H97,lewisky01
402,Royce Lewis,23,MIN,AL,12,41,40,5,12,4,0,2,5,0,0,1,5,.300,.317,.550,.867,145,22,2,0,0,0,0,6/8,lewisro02
403,Luis Liberato*,26,SDP,NL,7,5,5,0,0,0,0,0,0,0,0,0,3,.000,.000,.000,.000,-100,0,0,0,0,0,0,/HD879,liberlu01
404,Matthew Liberatore*,22,STL,NL,1,0,0,0,0,0,0,0,0,0,0,0,0,,,,,,0,0,0,0,0,0,/1,liberma01
405,Francisco Lindor#,28,NYM,NL,161,706,630,98,170,25,5,26,107,16,6,59,133,.270,.339,.449,.788,125,283,11,10,0,7,2,*6/D,lindofr01
406,Jonathan Loaisiga,27,NYY,AL,1,0,0,0,0,0,0,0,0,0,0,0,0,,,,,,0,0,0,0,0,0,1,loaisjo01
407,Tim Locastro,29,NYY,AL,38,46,43,13,8,1,0,2,4,8,2,2,7,.186,.239,.349,.588,66,15,0,1,0,0,0,H7/89D,locasti01
408,Evan Longoria,36,SFG,NL,89,298,266,31,65,13,0,14,42,0,0,27,83,.244,.315,.451,.767,114,120,6,2,0,3,2,5HD,longoev01
409,Christian Lopes,29,OAK,AL,4,10,9,0,0,0,0,0,0,0,0,1,5,.000,.100,.000,.100,-67,0,0,0,0,0,0,/4HD79,lopesch01
410,Alejo Lopez#,26,CIN,NL,59,156,145,15,38,5,1,1,10,3,1,9,21,.262,.314,.331,.645,76,48,1,2,0,0,1,4H/5D719,lopezal03
411,Jorge Lopez,29,TOT,AL,4,0,0,0,0,0,0,0,0,0,0,0,0,,,,,,0,0,0,0,0,0,1,lopezjo02
412,Nicky Lopez*,27,KCR,AL,141,480,436,51,99,12,4,0,20,13,3,29,63,.227,.281,.273,.554,58,119,8,4,10,1,0,465H/D1,lopezni01
413,Otto Lopez,23,TOR,AL,8,10,9,0,6,0,0,0,3,0,1,1,1,.667,.700,.667,1.367,296,6,0,0,0,0,0,/6H48D,lopezot01
414,Reynaldo Lopez,28,CHW,AL,1,0,0,0,0,0,0,0,0,0,0,0,0,,,,,,0,0,0,0,0,0,1,lopezre01
415,Brandon Lowe*,27,TBR,AL,65,266,235,31,52,10,2,8,25,1,0,27,61,.221,.308,.383,.691,102,90,1,3,0,1,0,4D/H9,lowebr01
416,Josh Lowe*,24,TBR,AL,52,198,181,24,40,12,2,2,13,3,0,15,66,.221,.284,.343,.627,83,62,1,1,1,0,1,97/8DH,lowejo01
417,Nathaniel Lowe*,26,TEX,AL,157,645,593,74,179,26,3,27,76,2,2,48,147,.302,.358,.492,.851,141,292,10,4,0,0,2,*3/DH,lowena01
418,Jed Lowrie#,38,OAK,AL,50,184,167,14,30,5,0,3,16,1,0,15,39,.180,.245,.263,.508,49,44,5,0,0,2,0,D/H34,lowrije01
419,Seth Lugo,32,NYM,NL,1,0,0,0,0,0,0,0,0,0,0,0,0,,,,,,0,0,0,0,0,0,1,lugose01
420,Jordan Luplow,28,ARI,NL,83,234,205,26,36,5,0,11,28,5,1,25,60,.176,.274,.361,.634,79,74,5,3,0,1,1,9H7/D835,luplojo01
421,Gavin Lux*,24,LAD,NL,129,471,421,66,116,20,7,6,42,7,2,47,95,.276,.346,.399,.745,105,168,3,0,0,3,0,47/6HD,luxga01
422,Daniel Lynch*,25,KCR,AL,1,0,0,0,0,0,0,0,0,0,0,0,0,,,,,,0,0,0,0,0,0,1,lynchda02
423,Dixon Machado,30,SFG,NL,5,17,15,1,3,0,0,0,0,0,0,1,5,.200,.294,.200,.494,44,3,0,1,0,0,0,/6,machadi01
424,Manny Machado,29,SDP,NL,150,644,578,100,172,37,1,32,102,9,1,63,133,.298,.366,.531,.898,159,307,12,1,0,2,10,*5D/H,machama01
425,Vimael Machin*,28,OAK,AL,73,253,223,26,49,12,0,1,13,1,1,25,47,.220,.300,.287,.587,73,64,6,2,0,3,0,5H/4D6,machivi01
426,David MacKinnon,27,TOT,AL,22,57,50,2,7,0,0,0,6,0,0,6,17,.140,.228,.140,.368,9,7,2,0,0,1,0,3/H5,mackida01
427,Nick Madrigal,25,CHC,NL,59,228,209,19,52,7,0,0,7,3,1,14,27,.249,.305,.282,.588,68,59,6,3,2,0,0,4/H,madrini01
428,Bligh Madris*,26,PIT,NL,39,123,113,10,20,7,0,1,7,2,1,10,31,.177,.244,.265,.509,44,30,0,0,0,0,0,9/37HD8,madribl01
429,Luke Maile,31,CLE,AL,76,206,181,19,40,10,0,3,17,0,0,19,54,.221,.301,.326,.627,82,59,6,3,0,3,0,2,mailelu01
430,Martin Maldonado,35,HOU,AL,113,379,344,40,64,12,0,15,45,0,0,22,116,.186,.248,.352,.600,69,121,6,7,4,2,0,*2,maldoma01
431,Trey Mancini,30,TOT,AL,143,587,519,56,124,23,1,18,63,0,0,53,135,.239,.319,.391,.710,101,203,12,10,0,5,2,D379/H,mancitr01
432,Joe Mantiply,31,ARI,NL,1,0,0,0,0,0,0,0,0,0,0,0,0,,,,,,0,0,0,0,0,0,1,mantijo01
433,Tucupita Marcano*,22,PIT,NL,49,177,160,18,33,6,2,2,13,2,1,10,44,.206,.256,.306,.562,58,49,1,1,5,1,0,74/H96,marcatu01
434,Manuel Margot,27,TBR,AL,89,363,336,36,92,18,2,4,47,7,3,24,68,.274,.325,.375,.700,105,126,7,2,0,1,1,98D/7H,margoma01
435,Jake Marisnick,31,PIT,NL,31,82,77,9,18,6,0,2,6,2,1,4,24,.234,.272,.390,.661,84,30,2,0,1,0,1,87/H9,marisja01
436,Deven Marrero,31,NYM,NL,5,6,6,0,0,0,0,0,0,1,0,0,3,.000,.000,.000,.000,-100,0,0,0,0,0,0,/65DH,marrede01
437,Brandon Marsh*,24,TOT,MLB,134,461,424,49,104,18,4,11,52,10,4,28,158,.245,.295,.384,.679,91,163,4,3,3,3,1,*78H/9,marshbr02
438,Ketel Marte#,28,ARI,NL,137,558,492,68,118,42,2,12,52,5,1,55,101,.240,.321,.407,.727,106,200,12,6,0,5,3,4D/H,marteke01
439,Starling Marte,33,NYM,NL,118,505,466,76,136,24,5,16,63,18,9,26,97,.292,.347,.468,.814,132,218,18,13,0,0,0,*9/8HD,martest01
440,Brett Martin*,27,TEX,AL,1,0,0,0,0,0,0,0,0,0,0,0,0,,,,,,0,0,0,0,0,0,1,martibr01
441,Chris Martin,36,TOT,NL,1,0,0,0,0,0,0,0,0,0,0,0,0,,,,,,0,0,0,0,0,0,1,martich02
442,Richie Martin,27,BAL,AL,13,33,30,4,5,0,2,0,3,3,1,3,10,.167,.242,.300,.542,54,9,0,0,0,0,0,4/H6D,martiri01
443,J.D. Martinez,34,BOS,AL,139,596,533,76,146,43,1,16,62,0,0,52,145,.274,.341,.448,.790,117,239,20,5,0,5,1,*D,martijd02
444,Michael Massey*,24,KCR,AL,52,194,173,16,42,9,1,4,17,3,0,9,46,.243,.307,.376,.683,93,65,1,8,2,2,0,4/HD5,massemi02
445,Miles Mastrobuoni*,26,TBR,AL,8,17,16,1,3,0,0,0,0,1,0,1,6,.188,.235,.188,.423,27,3,0,0,0,0,0,/49H,mastrmi01
446,Jorge Mateo,27,BAL,AL,150,533,494,63,109,25,7,13,50,35,9,27,147,.221,.267,.379,.646,81,187,8,5,3,2,0,*6/H,mateojo01
447,Mark Mathias,27,TOT,MLB,30,91,81,13,20,3,0,6,20,3,0,9,30,.247,.319,.506,.825,132,41,0,0,0,1,0,D/H43579,mathima01
448,J.J. Matijevic*,26,HOU,AL,32,71,67,7,14,2,0,2,5,1,0,2,25,.209,.254,.328,.582,65,22,1,2,0,0,0,HD3/7,matijjj01
449,Nick Maton*,25,PHI,NL,34,85,72,13,18,2,1,5,17,0,0,10,29,.250,.341,.514,.855,138,37,0,1,0,2,0,479/H516,matonni01
450,Jack Mayfield,31,LAA,AL,23,74,70,8,13,1,1,1,6,1,0,3,17,.186,.230,.271,.501,42,19,1,1,0,0,0,4/5H97D1,mayfija01
451,Nomar Mazara*,27,SDP,NL,55,171,159,16,42,8,0,2,18,0,0,10,40,.264,.316,.352,.668,96,56,3,2,0,0,0,9H/7,mazarno01
452,Patrick Mazeika*,28,NYM,NL,24,72,68,4,13,4,0,1,6,0,0,2,9,.191,.214,.294,.508,45,20,0,0,2,0,0,2/H3,mazeipa01
453,James McCann,32,NYM,NL,61,191,174,19,34,6,0,3,18,3,0,11,46,.195,.257,.282,.538,55,49,5,4,0,2,0,2/3H,mccanja02
454,Jake McCarthy*,24,ARI,NL,99,354,321,53,91,16,3,8,43,23,3,23,76,.283,.342,.427,.769,118,137,3,6,3,1,0,978DH,mccarja02
455,Chas McCormick,27,HOU,AL,119,407,359,47,88,12,2,14,44,4,3,46,106,.245,.332,.407,.738,110,146,5,1,0,1,0,*789/HD,mccorch01
456,Andrew McCutchen,35,MIL,NL,134,580,515,66,122,25,0,17,69,8,6,57,124,.237,.316,.384,.700,99,198,10,4,0,4,1,D79/8H,mccutan01
457,Mickey McDonald#,27,OAK,AL,4,6,4,0,0,0,0,0,0,0,0,2,3,.000,.333,.000,.333,10,0,0,0,0,0,0,/H8D9,mcdonmi01
458,Reese McGuire*,27,TOT,AL,89,274,249,25,67,14,1,3,22,1,0,12,56,.269,.307,.369,.677,90,92,6,3,6,3,0,2H/D1,mcguire01
459,Ryan McKenna,25,BAL,AL,104,172,156,23,37,10,0,2,11,2,1,11,55,.237,.294,.340,.634,80,53,3,2,2,1,1,7H98/D1,mckenry01
460,Billy McKinney*,27,OAK,AL,23,57,52,3,5,1,0,1,4,0,0,4,16,.096,.158,.173,.331,-3,9,0,0,0,1,1,9/3H7D,mckinbi01
461,Zach McKinstry*,27,TOT,NL,57,185,166,21,33,6,3,5,14,7,0,16,52,.199,.273,.361,.635,78,60,0,1,2,0,0,546/HD97,mckinza01
462,Ryan McMahon*,27,COL,NL,153,597,529,67,130,23,3,20,67,7,3,60,158,.246,.327,.414,.741,98,219,7,5,0,3,0,*54/H3D,mcmahry01
463,Jeff McNeil*,30,NYM,NL,148,589,533,73,174,39,1,9,62,4,0,40,61,.326,.382,.454,.836,140,242,6,11,0,5,1,479/DH5,mcneije01
464,Austin Meadows*,27,DET,AL,36,147,128,9,32,6,2,0,11,0,1,16,17,.250,.347,.328,.675,99,42,2,3,0,0,0,97/DH,meadoau01
465,Adonis Medina,25,NYM,NL,2,0,0,0,0,0,0,0,0,0,0,0,0,,,,,,0,0,0,0,0,0,1,medinad01
466,Francisco Mejia#,26,TBR,AL,93,299,289,32,70,22,0,6,31,0,0,7,65,.242,.264,.381,.645,87,110,6,2,0,1,0,2H/D3,mejiafr01
467,Mark Melancon,37,ARI,NL,2,0,0,0,0,0,0,0,0,0,0,0,0,,,,,,0,0,0,0,0,0,1,melanma01
468,MJ Melendez*,23,KCR,AL,129,534,460,57,100,21,3,18,62,2,3,66,131,.217,.313,.393,.706,99,181,2,1,0,7,1,2D79/H,melenmj01
469,Danny Mendick,28,CHW,AL,31,106,97,22,28,4,1,3,15,1,0,7,23,.289,.343,.443,.786,121,43,2,1,1,0,0,6/457H,mendida01
470,Joey Meneses,30,WSN,NL,56,240,222,33,72,14,0,13,34,1,0,15,52,.324,.367,.563,.930,165,125,13,1,0,2,2,39/7H,menesjo01
471,Oscar Mercado,27,TOT,MLB,55,128,121,17,25,6,1,4,16,2,2,5,29,.207,.242,.372,.614,75,45,4,1,0,1,0,97H/8D,mercaos01
472,Yermin Mercedes,29,SFG,NL,31,83,73,9,17,5,0,1,8,0,0,9,17,.233,.325,.342,.668,90,25,1,1,0,0,0,D/H732,merceye01
473,Whit Merrifield,33,TOT,AL,139,550,504,70,126,28,1,11,58,16,5,38,85,.250,.298,.375,.673,90,189,11,0,0,8,0,498/HD731,merriwh01
474,Jake Meyers,26,HOU,AL,52,160,150,13,34,6,2,1,15,2,1,7,54,.227,.269,.313,.582,66,47,1,2,0,1,0,8/HD,meyerja02
475,Keynan Middleton,28,ARI,NL,1,0,0,0,0,0,0,0,0,0,0,0,0,,,,,,0,0,0,0,0,0,1,middlke01
476,Brad Miller*,32,TEX,AL,81,241,222,20,47,3,0,7,32,4,2,18,70,.212,.270,.320,.590,69,71,3,0,0,1,0,75DH/9,millebr02
477,Owen Miller,25,CLE,AL,130,472,424,53,103,26,1,6,51,2,0,32,93,.243,.301,.351,.652,89,149,8,7,0,9,1,34DH/5,milleow01
478,Alec Mills,30,CHC,NL,1,0,0,0,0,0,0,0,0,0,0,0,0,,,,,,0,0,0,0,0,0,/1,millsal02
479,Wyatt Mills,27,TOT,AL,1,0,0,0,0,0,0,0,0,0,0,0,0,,,,,,0,0,0,0,0,0,1,millswy01
480,Jose Miranda,24,MIN,AL,125,483,444,45,119,25,0,15,66,1,1,28,91,.268,.325,.426,.751,116,189,19,10,0,1,0,35D/H,miranjo01
481,Calvin Mitchell*,23,PIT,NL,69,232,212,21,48,11,0,5,17,3,1,18,52,.226,.286,.349,.635,79,74,3,0,1,1,0,9D/H,mitchca01
482,Garrett Mitchell*,23,MIL,NL,28,68,61,9,19,3,0,2,9,8,0,6,28,.311,.373,.459,.832,136,28,0,0,1,0,0,8/H,mitchga01
483,Yadier Molina,39,STL,NL,78,270,262,19,56,8,0,5,24,2,0,5,40,.214,.233,.302,.535,53,79,10,2,0,1,0,2/13DH,molinya01
484,Yoan Moncada#,27,CHW,AL,104,433,397,41,84,18,1,12,51,2,0,32,114,.212,.273,.353,.626,76,140,5,2,1,1,2,5/H,moncayo01
485,Adalberto Mondesí#,26,KCR,AL,15,54,50,3,7,0,0,0,3,5,0,4,20,.140,.204,.140,.344,0,7,2,0,0,0,0,6,mondera02
486,Nate Mondou*,27,OAK,AL,1,3,2,0,0,0,0,0,0,0,0,1,1,.000,.333,.000,.333,10,0,0,0,0,0,0,/4,mondona01
487,Mickey Moniak*,24,TOT,MLB,37,112,106,13,18,3,1,3,8,1,0,4,44,.170,.207,.302,.509,42,32,0,1,1,0,0,87/H9D,moniami01
488,Elehuris Montero,23,COL,NL,53,185,176,21,41,15,1,6,20,0,0,8,60,.233,.270,.432,.702,85,76,4,1,0,0,0,53D/H,monteel01
489,Dylan Moore,29,SEA,AL,104,255,205,41,46,11,2,6,24,21,8,34,75,.224,.368,.385,.753,122,79,5,13,1,1,2,9H674/38D5,mooredy01
490,Colin Moran*,29,CIN,NL,42,128,109,11,23,3,0,5,23,0,0,16,30,.211,.305,.376,.681,84,41,4,0,0,3,0,35/HD,moranco01
491,Christopher Morel,23,CHC,NL,113,425,379,55,89,19,4,16,47,10,7,38,137,.235,.308,.433,.741,107,164,6,3,3,2,0,8456/HD7,morelch01
492,Gabriel Moreno,22,TOR,AL,25,73,69,10,22,1,0,1,7,0,0,4,8,.319,.356,.377,.733,111,26,2,0,0,0,0,2/HD457,morenga01
493,Dauri Moreta,26,CIN,NL,1,0,0,0,0,0,0,0,0,0,0,0,0,,,,,,0,0,0,0,0,0,1,moretda01
494,Reyes Moronta,29,TOT,NL,1,0,0,0,0,0,0,0,0,0,0,0,0,,,,,,0,0,0,0,0,0,1,moronre01
495,Taylor Motter,32,CIN,NL,2,6,6,0,1,0,0,0,0,0,0,0,3,.167,.167,.167,.333,-9,1,0,0,0,0,0,/54,motteta01
496,Ryan Mountcastle,25,BAL,AL,145,609,555,62,139,28,1,22,85,4,1,43,154,.250,.305,.423,.729,105,235,12,4,0,7,1,*3D/H,mountry01
497,Mike Moustakas*,33,CIN,NL,78,285,252,30,54,12,0,7,25,2,0,24,75,.214,.295,.345,.640,74,87,8,6,0,3,0,D53/H,moustmi01
498,Cedric Mullins*,27,BAL,AL,156,672,608,89,157,32,4,16,64,34,10,47,126,.258,.318,.403,.721,104,245,4,9,1,5,2,*8/HD,mullice01
499,Max Muncy*,31,LAD,NL,136,565,464,69,91,22,1,21,69,2,0,90,141,.196,.329,.384,.713,96,178,2,5,0,6,1,54D/H3,muncyma01
500,Yairo Munoz,27,PHI,NL,29,60,57,7,12,2,0,3,7,1,0,3,10,.211,.250,.404,.654,81,23,0,0,0,0,0,4/5H97,munozya01
501,Penn Murfee,28,SEA,AL,1,0,0,0,0,0,0,0,0,0,0,0,0,,,,,,0,0,0,0,0,0,1,murfepe01
502,Sean Murphy,27,OAK,AL,148,612,537,67,134,37,2,18,66,1,0,56,124,.250,.332,.426,.759,120,229,14,13,0,5,2,*2D/H,murphse01
503,Tom Murphy,31,SEA,AL,14,42,33,9,10,2,0,1,1,0,0,8,13,.303,.439,.455,.894,164,15,1,0,0,0,0,2/HD,murphto04
504,Simon Muzziotti*,23,PHI,NL,9,9,7,0,1,0,0,0,0,0,0,0,2,.143,.250,.143,.393,16,1,0,1,1,0,0,/8H,muzzisi01
505,Wil Myers,31,SDP,NL,77,286,261,29,68,15,0,7,41,2,1,21,86,.261,.315,.398,.713,108,104,7,1,0,3,1,937/8H15,myerswi01
506,Tyler Naquin*,31,TOT,NL,105,334,310,47,71,19,4,11,46,4,2,19,93,.229,.282,.423,.705,93,131,3,4,1,0,2,9HD7/8,naquity01
507,Andrew Nardi*,23,MIA,NL,1,0,0,0,0,0,0,0,0,0,0,0,0,,,,,,0,0,0,0,0,0,1,nardian01
508,Omar Narvaez*,30,MIL,NL,84,296,262,21,54,12,1,4,23,0,0,29,57,.206,.292,.305,.597,71,80,4,3,1,1,1,2/DH,narvaom01
509,Bo Naylor*,22,CLE,AL,5,8,8,0,0,0,0,0,0,0,0,0,5,.000,.000,.000,.000,-100,0,0,0,0,0,0,/2D,naylobo01
510,Josh Naylor*,25,CLE,AL,122,498,449,47,115,28,0,20,79,6,1,38,80,.256,.319,.452,.771,121,203,13,6,0,5,4,3D/H9,naylojo01
511,Kyle Nelson*,25,ARI,NL,2,0,0,0,0,0,0,0,0,0,0,0,0,,,,,,0,0,0,0,0,0,1,nelsoky01
512,Sheldon Neuse,27,OAK,AL,89,293,271,25,58,4,2,4,26,6,1,20,80,.214,.273,.288,.561,65,78,5,2,0,0,0,543HD/16,neusesh01
513,Tyler Nevin,25,BAL,AL,58,184,157,17,31,4,0,2,16,0,0,20,46,.197,.299,.261,.560,62,41,4,4,0,3,0,5/3D79,nevinty01
514,Kevin Newman,28,PIT,NL,78,309,288,31,79,18,2,2,24,8,2,16,48,.274,.316,.372,.687,94,107,6,2,2,1,0,46/HD,newmake01
515,Tomás Nido,28,NYM,NL,98,313,284,31,68,15,0,3,28,0,0,14,76,.239,.276,.324,.600,72,92,14,1,12,2,0,2/H,nidoto01
516,Brandon Nimmo*,29,NYM,NL,151,673,580,102,159,30,7,16,64,3,2,71,116,.274,.367,.433,.800,130,251,9,16,3,3,0,*8,nimmobr01
517,Austin Nola,32,SDP,NL,110,397,347,40,87,15,0,4,40,2,1,34,60,.251,.321,.329,.649,91,114,5,6,1,9,1,2/DH45,nolaau01
518,Lars Nootbaar*,24,STL,NL,108,347,290,53,66,16,3,14,40,4,1,51,71,.228,.340,.448,.788,126,130,3,1,0,5,1,9H87/D,nootbla01
519,Daniel Norris*,29,TOT,MLB,1,0,0,0,0,0,0,0,0,0,0,0,0,,,,,,0,0,0,0,0,0,1,norrida01
520,Dom Nunez*,27,COL,NL,14,41,33,3,4,1,0,0,2,0,0,6,10,.121,.244,.152,.395,10,5,0,0,0,2,0,2,nunezdo01
521,Ryan O'Hearn*,28,KCR,AL,67,145,134,14,32,6,1,1,16,0,0,8,35,.239,.290,.321,.611,73,43,2,2,0,1,0,HD39,ohearry01
522,Logan O'Hoppe,22,LAA,AL,5,16,14,1,4,0,0,0,2,0,0,2,3,.286,.375,.286,.661,93,4,0,0,0,0,0,/2,ohopplo01
523,Brian O'Keefe,28,SEA,AL,2,4,3,0,1,0,0,0,0,0,0,1,2,.333,.500,.333,.833,152,1,0,0,0,0,0,/2D,okeefbr01
524,Tyler O'Neill,27,STL,NL,96,383,334,56,76,11,1,14,58,14,4,38,103,.228,.308,.392,.700,101,131,9,4,0,7,0,78/HD,oneilty01
525,Rougned Odor*,28,BAL,AL,135,472,426,49,88,19,3,13,53,6,1,32,109,.207,.275,.357,.632,79,152,9,10,0,4,1,*4H/5D,odorro01
526,Shohei Ohtani*,27,LAA,AL,157,666,586,90,160,30,6,34,95,11,9,72,161,.273,.356,.519,.875,145,304,6,5,0,3,14,*D1/H,ohtansh01
527,Steven Okert*,30,MIA,NL,1,0,0,0,0,0,0,0,0,0,0,0,0,,,,,,0,0,0,0,0,0,1,okertst01
528,Chris Okey,27,CIN,NL,7,13,12,3,2,0,0,0,0,0,0,0,5,.167,.231,.167,.397,11,2,0,1,0,0,0,/2,okeych01
529,Edward Olivares,26,KCR,AL,53,174,161,24,46,8,0,4,15,2,3,10,36,.286,.333,.410,.743,110,66,1,2,0,1,0,97H/D8,olivaed02
530,Matt Olson*,28,ATL,NL,162,699,616,86,148,44,0,34,103,0,0,75,170,.240,.325,.477,.802,122,294,13,4,0,4,6,*3,olsonma02
531,Rafael Ortega*,31,CHC,NL,118,371,316,35,76,14,1,7,35,12,7,44,74,.241,.331,.358,.688,95,113,10,2,1,7,2,8HD97,ortegra01
532,James Outman*,25,LAD,NL,4,16,13,6,6,2,0,1,3,0,0,2,7,.462,.563,.846,1.409,282,11,0,1,0,0,0,/7D9,outmaja01
533,Chris Owings,30,BAL,AL,26,68,56,6,6,2,0,0,0,1,0,10,24,.107,.254,.143,.397,17,8,3,1,1,0,0,4/6H571,owingch01
534,Marcell Ozuna,31,ATL,NL,124,507,470,56,106,19,0,23,56,2,1,31,122,.226,.274,.413,.687,89,194,12,2,0,4,0,D7,ozunama01
535,Cristian Pache,23,OAK,AL,91,260,241,18,40,5,2,3,18,2,2,15,70,.166,.218,.241,.459,34,58,5,1,3,0,0,8/H,pachecr01
536,Kevin Padlo,25,TOT,MLB,13,34,33,0,4,1,0,0,3,0,0,1,10,.121,.147,.152,.299,-14,5,2,0,0,0,0,/35H,padloke01
537,Jermaine Palacios,25,MIN,AL,30,77,70,8,10,0,0,2,6,0,0,4,27,.143,.184,.229,.413,19,16,2,0,1,2,0,64/H135,palacje01
538,Josh Palacios*,26,WSN,NL,29,49,47,8,10,2,0,0,2,1,0,1,15,.213,.245,.255,.500,46,12,0,1,0,0,0,H9/7D,palacjo01
539,Richie Palacios*,25,CLE,AL,54,123,112,7,26,6,0,0,10,2,0,9,20,.232,.293,.286,.578,69,32,2,1,0,1,1,7HD/4,palacri01
540,Michael Papierski#,26,TOT,NL,39,103,91,7,13,1,0,1,4,0,0,10,26,.143,.228,.187,.415,15,17,4,0,2,0,0,2/3H,papiemi01
541,Isaac Paredes,23,TBR,AL,111,381,331,48,68,16,0,20,45,0,1,44,67,.205,.304,.435,.740,114,144,12,4,0,2,0,543H/6,paredis01
542,Hoy Park*,26,PIT,NL,23,60,51,7,11,2,0,2,6,1,0,4,15,.216,.276,.373,.648,82,19,0,1,2,2,0,4/5H69,parkho01
543,Vinnie Pasquantino*,24,KCR,AL,72,298,258,25,76,10,0,10,26,1,0,35,34,.295,.383,.450,.832,135,116,5,3,0,2,1,3D,pasquvi01
544,Joel Payamps,28,TOT,AL,2,0,0,0,0,0,0,0,0,0,0,0,0,,,,,,0,0,0,0,0,0,1,payamjo01
545,Mark Payton*,30,CHW,AL,8,25,21,3,3,0,0,0,1,0,0,4,4,.143,.280,.143,.423,25,3,0,0,0,0,0,/798H,paytoma01
546,Joc Pederson*,30,SFG,NL,134,433,380,57,104,19,3,23,70,3,2,42,100,.274,.353,.521,.874,144,198,5,7,0,4,3,*7H9D,pederjo01
547,Liover Peguero,21,PIT,NL,1,4,3,0,1,0,0,0,0,0,0,1,2,.333,.500,.333,.833,143,1,0,0,0,0,0,/6,pegueli01
548,Jeremy Pena,24,HOU,AL,136,558,521,72,132,20,2,22,63,11,2,22,135,.253,.289,.426,.715,101,222,5,6,1,5,0,*6/H,penaje02
549,David Peralta*,34,TOT,MLB,134,490,439,39,110,30,3,12,59,1,3,41,114,.251,.316,.415,.731,109,182,8,4,0,6,5,*7HD,peralda01
550,Oswald Peraza,22,NYY,AL,18,57,49,8,15,3,0,1,2,2,0,6,9,.306,.404,.429,.832,139,21,3,2,0,0,0,6/4H,perazos02
551,Geraldo Perdomo#,22,ARI,NL,148,500,431,58,84,10,2,5,40,9,2,50,103,.195,.285,.262,.547,58,113,3,5,12,2,0,*6/5H4,perdoge01
552,Carlos Perez,25,CHW,AL,7,18,18,0,4,2,0,0,2,0,0,0,2,.222,.222,.333,.556,55,6,1,0,0,0,0,/2H,perezca03
553,Cionel Pérez,26,BAL,AL,2,0,0,0,0,0,0,0,0,0,0,0,0,,,,,,0,0,0,0,0,0,1,perezci01
554,Joe Perez,22,HOU,AL,1,1,1,0,0,0,0,0,0,0,0,0,1,.000,.000,.000,.000,-100,0,0,0,0,0,0,/5H,perezjo02
555,Michael Perez*,29,TOT,NL,45,132,121,10,18,0,0,6,14,1,0,10,32,.149,.214,.298,.511,43,36,2,0,1,0,0,2/H,perezmi03
556,Roberto Perez,33,PIT,NL,21,69,60,8,14,2,0,2,8,0,0,9,25,.233,.333,.367,.700,98,22,1,0,0,0,0,2/H,perezro02
557,Salvador Perez,32,KCR,AL,114,473,445,48,113,23,1,23,76,0,0,18,109,.254,.292,.465,.757,110,207,9,7,0,3,2,2D,perezsa02
558,Jace Peterson*,32,MIL,NL,112,328,288,44,68,14,2,8,34,12,1,33,85,.236,.316,.382,.698,98,110,8,2,2,3,2,5H9/347D1,peterja01
559,Tommy Pham,34,TOT,MLB,144,622,554,89,131,23,1,17,63,8,3,56,167,.236,.312,.374,.686,87,207,20,7,0,5,0,*7D/H,phamth01
560,Brett Phillips*,28,TOT,AL,83,225,201,22,29,6,0,5,15,7,0,16,94,.144,.217,.249,.466,36,50,0,3,4,1,0,89H/71D,phillbr02
561,Evan Phillips,27,LAD,NL,1,1,0,0,0,0,0,0,0,0,0,1,0,,1.000,,,,0,0,0,0,0,0,1,phillev01
562,Kevin Pillar,33,LAD,NL,4,13,12,1,1,1,0,0,0,0,0,1,4,.083,.154,.167,.321,-11,2,1,0,0,0,0,/78,pillake01
563,Manny Pina,35,ATL,NL,5,17,14,1,2,0,0,0,2,0,0,1,1,.143,.235,.143,.378,10,2,0,1,0,1,0,/2,pinama01
564,Chad Pinder,30,OAK,AL,111,379,361,38,85,18,0,12,42,2,0,14,118,.235,.263,.385,.648,86,139,10,0,1,2,0,79HD/5341,pindech01
565,Israel Pineda,22,WSN,NL,4,14,13,1,1,0,0,0,0,0,0,1,7,.077,.143,.077,.220,-33,1,0,0,0,0,0,/2,pinedis01
566,Rene Pinto,25,TBR,AL,25,83,80,5,17,3,0,2,10,0,0,2,35,.213,.241,.325,.566,64,26,3,1,0,0,0,2,pintore02
567,Stephen Piscotty,31,OAK,AL,42,139,126,12,24,4,0,5,14,2,0,9,48,.190,.252,.341,.593,71,43,2,2,0,2,1,9/D7H,piscost01
568,Kevin Plawecki,31,TOT,AL,63,186,168,15,37,8,0,1,13,0,0,14,32,.220,.286,.286,.572,61,48,6,2,1,1,0,2/H1,plaweke01
569,Nick Plummer*,25,NYM,NL,14,31,29,4,4,1,0,2,6,0,0,1,12,.138,.194,.379,.573,60,11,1,1,0,0,0,/D97H,plummni01
570,Jorge Polanco#,28,MIN,AL,104,445,375,54,88,16,0,16,56,3,3,64,95,.235,.346,.405,.751,117,152,4,2,0,4,1,4/6DH,polanjo01
571,AJ Pollock,34,CHW,AL,138,527,489,61,120,26,1,14,56,3,1,32,98,.245,.292,.389,.681,91,190,13,2,0,4,0,*789/H,polloaj01
572,Zach Pop,25,TOT,MLB,1,0,0,0,0,0,0,0,0,0,0,0,0,,,,,,0,0,0,0,0,0,1,popza01
573,Sean Poppen,28,ARI,NL,2,0,0,0,0,0,0,0,0,0,0,0,0,,,,,,0,0,0,0,0,0,1,poppese01
574,Nick Pratto*,23,KCR,AL,49,182,158,18,29,9,1,7,20,0,0,19,66,.184,.271,.386,.657,84,61,6,1,1,3,0,3/7H9,prattni01
575,David Price*,36,LAD,NL,1,0,0,0,0,0,0,0,0,0,0,0,0,,,,,,0,0,0,0,0,0,1,priceda01
576,Ford Proctor*,25,SFG,NL,7,22,18,3,2,0,0,1,6,0,0,2,3,.111,.182,.278,.460,28,5,0,0,0,2,0,/42H,proctfo01
577,Jurickson Profar#,29,SDP,NL,152,658,575,82,140,36,2,15,58,5,1,73,103,.243,.331,.391,.723,111,225,12,4,3,3,0,*7/DH,profaju01
578,Albert Pujols,42,STL,NL,109,351,307,42,83,14,0,24,68,1,2,28,55,.270,.345,.550,.895,154,169,13,10,0,6,1,DH3/1,pujolal01
579,Roman Quinn#,29,TOT,MLB,44,87,79,15,17,3,2,0,7,4,3,7,36,.215,.287,.304,.591,71,24,0,1,0,0,0,87H/9,quinnro01
580,Esteban Quiroz*,30,CHC,NL,14,47,40,3,11,0,0,0,3,1,1,4,9,.275,.370,.275,.645,87,11,0,2,1,0,0,4/H,quiroes01
581,Cal Raleigh#,25,SEA,AL,119,415,370,46,78,20,1,27,63,1,0,38,122,.211,.284,.489,.774,122,181,5,2,0,5,0,*2H/D,raleica01
582,Luke Raley*,27,TBR,AL,22,72,61,7,12,2,0,1,4,0,0,7,24,.197,.306,.279,.584,74,17,1,3,0,1,0,/97D3H,raleylu01
583,Harold Ramirez,27,TBR,AL,120,435,403,46,121,24,0,6,58,3,5,19,72,.300,.343,.404,.747,119,163,5,9,0,4,1,D39H/7,ramirha02
584,Jose Ramirez#,29,CLE,AL,157,685,601,90,168,44,5,29,126,20,7,69,82,.280,.355,.514,.869,148,309,5,6,0,9,20,*5D,ramirjo01
585,Noe Ramirez,32,ARI,NL,1,0,0,0,0,0,0,0,0,0,0,0,0,,,,,,0,0,0,0,0,0,1,ramirno01
586,Heliot Ramos,22,SFG,NL,9,22,20,4,2,0,0,0,0,0,0,2,6,.100,.182,.100,.282,-17,2,1,0,0,0,0,/97H,ramoshe02
587,J.T. Realmuto,31,PHI,NL,139,562,504,75,139,26,5,22,84,21,1,41,119,.276,.342,.478,.820,129,241,7,12,0,5,1,*2/H3D,realmjt01
588,Jake Reed,29,TOT,MLB,2,0,0,0,0,0,0,0,0,0,0,0,0,,,,,,0,0,0,0,0,0,1,reedja02
589,Rob Refsnyder,31,BOS,AL,57,177,153,25,47,11,0,6,21,1,1,15,46,.307,.384,.497,.881,143,76,1,6,0,3,0,9H8/D7,refsnro01
590,Zach Reks*,28,TEX,AL,16,34,34,3,9,1,0,0,3,0,1,0,10,.265,.265,.294,.559,61,10,0,0,0,0,0,7/H9,reksza01
591,Anthony Rendon,32,LAA,AL,47,193,166,15,38,10,0,5,24,2,0,23,35,.229,.326,.380,.706,101,63,7,2,0,2,0,5/H,rendoan01
592,Hunter Renfroe,30,MIL,NL,125,522,474,62,121,23,1,29,72,1,1,39,121,.255,.315,.492,.807,126,233,11,4,2,3,1,*9/D3,renfrhu01
593,Luis Rengifo#,25,LAA,AL,127,511,489,45,129,22,4,17,52,6,2,17,79,.264,.294,.429,.724,103,210,11,4,1,0,0,456/H97,rengilu01
594,Franmil Reyes,26,TOT,MLB,118,473,438,43,97,17,2,14,47,2,1,30,157,.221,.273,.365,.638,81,160,12,2,0,3,0,D9/H71,reyesfr01
595,Pablo Reyes,28,MIL,NL,5,16,15,1,4,0,0,0,0,0,0,1,2,.267,.313,.267,.579,68,4,0,0,0,0,0,/651,reyespa01
596,Victor Reyes#,27,DET,AL,92,336,315,27,80,19,3,3,34,2,2,13,77,.254,.289,.362,.651,89,114,7,4,0,4,0,97H/8D,reyesvi01
597,Bryan Reynolds#,27,PIT,NL,145,614,542,74,142,19,4,27,62,7,3,56,141,.262,.345,.461,.807,126,250,13,14,0,2,6,*8D/7H,reynobr01
598,Matt Reynolds,31,TOT,NL,93,272,244,31,60,10,1,3,23,5,0,26,78,.246,.320,.332,.652,78,81,7,1,0,1,0,465H39/718D,reynoma03
599,JT Riddle*,30,CIN,NL,2,4,4,0,1,0,0,0,0,0,0,0,1,.250,.250,.250,.500,37,1,0,0,0,0,0,/5H,riddljt01
600,Austin Riley,25,ATL,NL,159,693,615,90,168,39,2,38,93,2,0,57,168,.273,.349,.528,.878,142,325,13,17,0,4,1,*5/3H,rileyau01
601,Edwin Rios*,28,LAD,NL,27,92,86,12,21,1,0,7,17,0,1,5,36,.244,.293,.500,.793,114,43,2,1,0,0,1,D/H35,riosed01
602,Alfonso Rivas*,25,CHC,NL,101,287,251,27,59,5,2,3,25,6,1,29,87,.235,.322,.307,.628,80,77,1,4,1,2,1,3H/D79,rivasal01
603,Emmanuel Rivera,26,TOT,MLB,102,359,330,46,77,16,3,12,40,1,2,23,83,.233,.292,.409,.702,97,135,8,5,0,1,0,5H/D3,riverem01
604,Sebastian Rivero,23,KCR,AL,17,29,26,2,4,0,0,0,1,0,0,2,10,.154,.214,.154,.368,7,4,0,0,1,0,0,2/H,riverse01
605,Anthony Rizzo*,32,NYY,AL,130,548,465,77,104,21,1,32,75,6,5,58,101,.224,.338,.480,.817,131,223,13,23,0,2,6,*3/DH,rizzoan01
606,Luis Robert,24,CHW,AL,98,401,380,54,108,18,0,12,56,11,3,17,77,.284,.319,.426,.746,109,162,6,3,0,1,1,8/HD,roberlu01
607,David Robertson,37,TOT,NL,2,1,1,0,0,0,0,0,0,0,0,0,1,.000,.000,.000,.000,-100,0,0,0,0,0,0,1,roberda08
608,Kramer Robertson,27,STL,NL,2,1,1,0,0,0,0,0,1,0,0,0,0,.000,.000,.000,.000,-100,0,0,0,0,0,0,/HD6,roberkr01
609,Chuckie Robinson,27,CIN,NL,25,60,59,3,8,2,0,2,5,0,0,0,17,.136,.136,.271,.407,7,16,5,0,1,0,0,2,robinch04
610,Victor Robles,25,WSN,NL,132,407,366,42,82,10,2,6,33,15,4,17,104,.224,.273,.311,.584,70,114,3,9,11,4,0,*8/HD,roblevi01
611,Brendan Rodgers,25,COL,NL,137,581,527,72,140,30,3,13,63,0,0,46,101,.266,.325,.408,.733,96,215,25,3,0,5,0,*4/D,rodgebr02
612,Joely Rodriguez*,30,NYM,NL,2,0,0,0,0,0,0,0,0,0,0,0,0,,,,,,0,0,0,0,0,0,1,rodrijo06
613,Julio Rodriguez,21,SEA,AL,132,560,511,84,145,25,3,28,75,25,7,40,145,.284,.345,.509,.853,147,260,7,8,0,1,4,*8/DH,rodriju01
614,Taylor Rogers*,31,TOT,NL,1,0,0,0,0,0,0,0,0,0,0,0,0,,,,,,0,0,0,0,0,0,1,rogerta01
615,Jose Rojas*,29,LAA,AL,22,57,56,1,7,2,0,0,1,0,0,0,19,.125,.140,.161,.301,-14,9,1,1,0,0,0,5/H97,rojasjo02
616,Josh Rojas*,28,ARI,NL,125,510,443,66,119,25,1,9,56,23,3,55,98,.269,.349,.391,.739,111,173,7,2,5,5,2,54/HD,rojasjo01
617,Miguel Rojas,33,MIA,NL,140,507,471,34,111,19,2,6,36,9,3,26,61,.236,.283,.323,.605,72,152,12,6,1,3,1,*63/H,rojasmi02
618,JoJo Romero*,25,TOT,NL,1,0,0,0,0,0,0,0,0,0,0,0,0,,,,,,0,0,0,0,0,0,1,romerjo01
619,Austin Romine,33,TOT,MLB,51,136,129,10,20,3,0,3,9,0,0,4,46,.155,.187,.248,.435,19,32,2,1,2,0,0,2/DH,rominau01
620,Brent Rooker,27,TOT,MLB,16,36,32,1,4,1,0,0,2,0,0,3,11,.125,.222,.156,.378,11,5,2,1,0,0,0,/7HD9,rookebr01
621,Amed Rosario,26,CLE,AL,153,670,637,86,180,26,9,11,71,18,4,25,111,.283,.312,.403,.715,106,257,19,4,0,4,0,*6/D7H,rosaram01
622,Eddie Rosario*,30,ATL,NL,80,270,250,27,53,12,1,5,24,3,0,17,68,.212,.259,.328,.587,64,82,3,0,0,3,0,79H/D,rosared01
623,Eguy Rosario,22,SDP,NL,7,6,5,0,1,0,0,0,0,0,0,1,2,.200,.333,.200,.533,62,1,0,0,0,0,0,/H56D,rosareg01
624,Darin Ruf,35,TOT,NL,118,388,334,52,68,12,0,11,45,2,0,45,105,.204,.307,.338,.645,83,113,11,6,0,3,0,3DH7/91,rufda01
625,Esteury Ruiz,23,TOT,NL,17,36,35,3,6,1,1,0,2,1,2,1,7,.171,.194,.257,.452,30,9,0,0,0,0,0,/789H,ruizes01
626,Keibert Ruiz#,23,WSN,NL,112,433,394,33,99,22,0,7,36,6,1,30,50,.251,.313,.360,.673,95,142,9,6,1,2,0,2H/D,ruizke01
627,Adley Rutschman#,24,BAL,AL,113,470,398,70,101,35,1,13,42,4,0,65,86,.254,.362,.445,.806,128,177,4,4,0,3,0,2D/H,rutscad01
628,Gary Sanchez,29,MIN,AL,128,471,419,42,86,24,0,16,61,2,0,40,136,.205,.282,.377,.659,89,158,12,7,0,5,0,2DH/3,sanchga02
629,Jesus Sanchez*,24,MIA,NL,98,343,313,38,67,14,3,13,36,1,0,26,92,.214,.280,.403,.682,91,126,7,3,0,1,0,87/HD9,sanchje02
630,Yolmer Sanchez#,30,TOT,MLB,17,44,37,1,4,0,0,0,2,0,2,5,13,.108,.214,.108,.322,-6,4,0,0,2,0,0,4/51H6,sanchca01
631,Donny Sands,26,PHI,NL,3,4,3,0,0,0,0,0,0,0,0,1,1,.000,.250,.000,.250,-20,0,1,0,0,0,0,/H2D,sandsdo01
632,Reiver Sanmartin*,26,CIN,NL,1,2,2,0,0,0,0,0,0,0,0,0,1,.000,.000,.000,.000,-100,0,0,0,0,0,0,1,sanmare01
633,Miguel Sano,29,MIN,AL,20,71,60,1,5,0,0,1,3,1,0,9,25,.083,.211,.133,.345,3,8,0,1,0,1,0,3/D,sanomi01
634,Carlos Santana#,36,TOT,AL,131,506,431,52,87,18,0,19,60,0,0,71,88,.202,.316,.376,.692,100,162,9,2,0,2,2,3D/H9,santaca01
635,Anthony Santander#,27,BAL,AL,152,647,574,78,138,24,0,33,89,0,2,55,122,.240,.318,.455,.773,117,261,14,13,0,5,1,*97D/H,santaan02
636,Clarke Schmidt,26,NYY,AL,1,0,0,0,0,0,0,0,0,0,0,0,0,,,,,,0,0,0,0,0,0,1,schmicl01
637,Jonathan Schoop,30,DET,AL,131,510,481,48,97,23,1,11,38,5,0,19,107,.202,.239,.322,.561,62,155,15,6,0,4,1,*4/3HD,schoojo01
638,Max Schrock*,27,CIN,NL,13,27,26,1,4,0,0,0,1,0,0,1,6,.154,.185,.154,.339,-6,4,0,0,0,0,0,/H947D1,schroma01
639,Kyle Schwarber*,29,PHI,NL,155,669,577,100,126,21,3,46,94,10,1,86,200,.218,.323,.504,.827,130,291,10,4,0,2,3,*7D/H,schwaky01
640,Frank Schwindel,30,CHC,NL,75,292,271,23,62,11,0,8,36,0,0,19,58,.229,.277,.358,.635,78,97,12,0,0,2,1,3D/H1,schwifr01
641,Tanner Scott,27,MIA,NL,3,0,0,0,0,0,0,0,0,0,0,0,0,,,,,,0,0,0,0,0,0,1,scottta01
642,Corey Seager*,28,TEX,AL,151,663,593,91,145,24,1,33,83,3,0,58,103,.245,.317,.455,.772,119,270,14,7,0,5,7,*6/D,seageco01
643,Jean Segura,32,PHI,NL,98,387,354,45,98,9,0,10,33,13,6,25,58,.277,.336,.387,.723,104,137,16,7,0,1,1,4/H6,segurje01
644,Marcus Semien,31,TEX,AL,161,724,657,101,163,31,5,26,83,25,8,53,120,.248,.304,.429,.733,108,282,7,4,0,10,0,*46,semiema01
645,Nick Senzel,27,CIN,NL,110,420,373,45,86,13,0,5,25,8,5,30,76,.231,.296,.306,.601,64,114,7,5,2,1,0,8/DH54,senzeni01
646,Brian Serven,27,COL,NL,62,205,187,19,38,4,1,6,16,0,0,13,44,.203,.261,.332,.593,58,62,7,2,2,1,0,2/H3D1,servebr01
647,Anderson Severino*,27,CHW,AL,1,0,0,0,0,0,0,0,0,0,0,0,0,,,,,,0,0,0,0,0,0,/1,severan01
648,Pedro Severino,28,MIL,NL,8,21,18,0,4,2,0,0,1,0,0,3,7,.222,.333,.333,.667,92,6,0,0,0,0,0,/2H3D,severpe01
649,Paul Sewald,32,SEA,AL,3,0,0,0,0,0,0,0,0,0,0,0,0,,,,,,0,0,0,0,0,0,1,sewalpa01
650,Bryan Shaw#,34,CLE,AL,1,0,0,0,0,0,0,0,0,0,0,0,0,,,,,,0,0,0,0,0,0,1,shawbr01
651,Travis Shaw*,32,BOS,AL,7,19,19,0,0,0,0,0,0,0,0,0,7,.000,.000,.000,.000,-100,0,0,0,0,0,0,/3DH,shawtr01
652,Gavin Sheets*,26,CHW,AL,124,410,377,34,91,19,0,15,53,0,0,27,86,.241,.295,.411,.706,98,155,9,3,0,3,0,9HD3/7,sheetga01
653,Zack Short,27,DET,AL,6,13,9,2,0,0,0,0,2,1,0,2,5,.000,.154,.000,.154,-49,0,0,0,0,2,0,/64DH,shortza01
654,Chasen Shreve*,31,NYM,NL,1,0,0,0,0,0,0,0,0,0,0,0,0,,,,,,0,0,0,0,0,0,1,shrevch01
655,Michael Siani*,22,CIN,NL,9,24,24,1,4,0,0,0,0,0,1,0,7,.167,.167,.167,.333,-9,4,1,0,0,0,0,/8H,sianimi01
656,Magneuris Sierra*,26,LAA,AL,45,96,91,7,15,1,3,0,5,6,1,4,25,.165,.200,.242,.442,25,22,0,0,1,0,0,87/H9,sierrma01
657,Andrelton Simmons,32,CHC,NL,34,85,75,8,13,1,0,0,7,4,0,7,13,.173,.244,.187,.431,25,14,5,0,3,0,0,46/DH1,simmoan01
658,Jose Siri,26,TOT,AL,104,325,301,53,64,13,2,7,24,14,2,20,108,.213,.268,.339,.607,75,102,3,3,0,1,0,8/H9D7,sirijo01
659,Austin Slater,29,SFG,NL,125,325,277,49,73,15,2,7,34,12,1,40,89,.264,.366,.408,.774,119,113,9,6,0,2,0,*8H79/D,slateau01
660,Dominic Smith*,27,NYM,NL,58,152,134,11,26,10,1,0,17,0,0,12,37,.194,.276,.284,.560,62,38,0,4,0,2,0,3DH,smithdo02
661,Josh Smith*,24,TEX,AL,73,253,213,23,42,5,0,2,16,4,3,28,50,.197,.307,.249,.556,63,53,1,7,2,3,0,57H/D64,smithjo11
662,Kevin Smith,25,OAK,AL,47,151,139,9,25,9,1,2,13,4,0,7,42,.180,.216,.302,.518,50,42,5,0,3,2,0,56/H,smithke05
663,Pavin Smith*,26,ARI,NL,75,277,245,24,54,9,0,9,33,1,0,28,67,.220,.300,.367,.667,89,90,2,1,0,3,1,9D3/H,smithpa04
664,Will Smith,27,LAD,NL,137,578,508,68,132,26,3,24,87,1,0,56,96,.260,.343,.465,.807,120,236,11,10,0,4,4,*2D/H,smithwi05
665,Canaan Smith-Njigba*,23,PIT,NL,3,7,5,1,1,1,0,0,0,0,0,1,0,.200,.429,.400,.829,137,2,0,1,0,0,0,/7H,smithca05
666,Collin Snider,26,KCR,AL,2,0,0,0,0,0,0,0,0,0,0,0,0,,,,,,0,0,0,0,0,0,1,snideco01
667,Nick Solak,27,TEX,AL,35,95,82,14,17,1,0,3,4,3,2,7,19,.207,.309,.329,.638,84,27,1,5,1,0,0,7D/H4,solakni01
668,Donovan Solano,34,CIN,NL,80,304,278,22,79,16,0,4,24,0,0,19,61,.284,.339,.385,.724,97,107,5,5,0,2,1,3D5/H4,solando01
669,Jorge Soler,30,MIA,NL,72,306,270,32,56,13,0,13,34,0,2,31,90,.207,.295,.400,.695,95,108,9,3,0,1,1,7D/H,solerjo01
670,Edmundo Sosa,26,TOT,NL,78,190,176,26,40,11,4,2,21,6,1,5,50,.227,.275,.369,.644,83,65,6,7,1,1,0,65H/D74,sosaed01
671,Lenyn Sosa,22,CHW,AL,11,36,35,3,4,1,0,1,1,0,0,1,12,.114,.139,.229,.367,2,8,2,0,0,0,0,/46DH,sosale01
672,Juan Soto*,23,TOT,NL,153,664,524,93,127,25,2,27,62,6,2,135,96,.242,.401,.452,.853,149,237,12,4,0,0,6,*9/DH,sotoju01
673,Livan Soto*,22,LAA,AL,18,59,55,9,22,5,1,1,9,1,1,2,13,.400,.414,.582,.996,180,32,1,0,1,1,0,6/5H,sotoli01
674,Steven Souza Jr.,33,SEA,AL,6,19,19,0,3,0,0,0,1,0,0,0,8,.158,.158,.158,.316,-7,3,2,0,0,0,0,/9D,souzast01
675,Cory Spangenberg*,31,STL,NL,1,0,0,0,0,0,0,0,0,0,0,0,0,,,,,,0,0,0,0,0,0,/5,spangco01
676,George Springer,32,TOR,AL,133,583,513,89,137,22,4,25,76,14,2,54,100,.267,.342,.472,.814,131,242,7,7,0,5,1,8D9/H,springe01
677,Jacob Stallings,32,MIA,NL,114,384,346,25,77,12,0,4,34,0,1,29,83,.223,.292,.292,.584,67,101,15,6,1,2,0,*2/HD,stallja01
678,Giancarlo Stanton,32,NYY,AL,110,452,398,53,84,7,0,31,78,0,0,50,137,.211,.297,.462,.759,113,184,8,0,0,3,2,D9/H7,stantmi03
679,Max Stassi,31,LAA,AL,102,375,333,32,60,12,1,9,30,0,0,38,112,.180,.267,.303,.571,62,101,12,2,1,1,0,2/HD,stassma01
680,Josh Staumont,28,KCR,AL,2,0,0,0,0,0,0,0,0,0,0,0,0,,,,,,0,0,0,0,0,0,1,staumjo01
681,Drew Steckenrider,31,SEA,AL,1,0,0,0,0,0,0,0,0,0,0,0,0,,,,,,0,0,0,0,0,0,1,steckdr01
682,Spencer Steer,24,CIN,NL,28,108,95,12,20,5,0,2,8,0,1,11,26,.211,.306,.326,.632,72,31,2,2,0,0,0,5/34DH,steersp01
683,Michael Stefanic,26,LAA,AL,25,69,61,5,12,2,0,0,0,0,0,5,12,.197,.279,.230,.509,48,14,1,2,1,0,0,4/H,stefami01
684,Jackson Stephens,28,ATL,NL,1,0,0,0,0,0,0,0,0,0,0,0,0,,,,,,0,0,0,0,0,0,1,stephja01
685,Tyler Stephenson,25,CIN,NL,50,183,166,24,53,9,0,6,35,1,0,12,47,.319,.372,.482,.854,130,80,4,3,0,2,0,2/DH3,stephty01
686,Cal Stevenson*,25,OAK,AL,23,71,60,5,10,3,0,0,1,1,1,8,23,.167,.261,.217,.478,42,13,1,0,2,1,0,8/H97,steveca01
687,DJ Stewart*,28,BAL,AL,3,3,3,0,0,0,0,0,0,0,0,0,2,.000,.000,.000,.000,-100,0,0,0,0,0,0,/H,stewadj01
688,Trevor Story,29,BOS,AL,94,396,357,53,85,22,0,16,66,13,0,32,122,.238,.303,.434,.737,102,155,9,3,0,4,4,4/H,storytr01
689,Bryson Stott*,24,PHI,NL,127,466,427,58,100,19,2,10,49,12,4,36,89,.234,.295,.358,.653,84,153,3,1,1,1,0,64/H5,stottbr01
690,Kyle Stowers*,24,BAL,AL,34,98,91,11,23,4,1,3,11,0,0,5,29,.253,.306,.418,.724,104,38,3,2,0,0,0,79/HD,stoweky01
691,Dee Strange-Gordon*,34,WSN,NL,22,59,59,6,18,1,1,0,2,3,2,0,8,.305,.305,.356,.661,92,21,1,0,0,0,0,6/87HD1,gordode01
692,Myles Straw,27,CLE,AL,152,596,535,72,118,22,3,0,32,21,1,54,87,.221,.291,.273,.564,65,146,4,1,2,4,0,*8/H,strawmy01
693,Hunter Strickland,33,CIN,NL,1,0,0,0,0,0,0,0,0,0,0,0,0,,,,,,0,0,0,0,0,0,1,strichu01
694,Garrett Stubbs*,29,PHI,NL,46,121,106,19,28,4,1,5,16,2,0,14,30,.264,.350,.462,.812,128,49,2,0,1,0,0,2/HD17,stubbga01
695,Eugenio Suarez,30,SEA,AL,150,629,543,76,128,24,2,31,87,0,0,73,196,.236,.332,.459,.791,129,249,12,8,0,5,0,*5D/H,suareeu01
696,Cole Sulser,32,MIA,NL,1,0,0,0,0,0,0,0,0,0,0,0,0,,,,,,0,0,0,0,0,0,1,sulseco01
697,Jack Suwinski*,23,PIT,NL,106,372,326,45,66,11,0,19,38,4,2,41,114,.202,.298,.411,.709,98,134,5,4,0,1,1,798/HD,suwinja01
698,Kurt Suzuki,38,LAA,AL,51,159,139,10,25,4,0,4,15,0,0,15,29,.180,.266,.295,.561,60,41,3,2,1,2,0,2/HD3,suzukku01
699,Seiya Suzuki,27,CHC,NL,111,446,397,54,104,22,2,14,46,9,5,42,110,.262,.336,.433,.770,116,172,8,4,0,3,3,9/HD,suzukse01
700,Travis Swaggerty*,24,PIT,NL,5,9,9,0,1,0,0,0,0,0,0,0,4,.111,.111,.111,.222,-37,1,0,0,0,0,0,/7H8D,swaggtr01
701,Dansby Swanson,28,ATL,NL,162,696,640,99,177,32,1,25,96,18,7,49,182,.277,.329,.447,.776,115,286,12,3,0,4,0,*6,swansda01
702,Raimel Tapia*,28,TOR,AL,128,433,411,47,109,20,3,7,52,8,2,16,81,.265,.292,.380,.672,91,156,12,0,3,1,0,*789H/D,tapiara01
703,Dillon Tate,28,BAL,AL,2,0,0,0,0,0,0,0,0,0,0,0,0,,,,,,0,0,0,0,0,0,1,tatedi01
704,Leody Taveras#,23,TEX,AL,99,341,314,39,82,14,2,5,34,11,5,21,88,.261,.309,.366,.675,93,115,2,2,1,3,0,8/HD,taverle01
705,Chris Taylor,31,LAD,NL,118,454,402,45,89,25,3,10,43,10,1,44,160,.221,.304,.373,.677,86,150,4,5,0,3,2,7489/HD56,tayloch03
706,Michael A. Taylor,31,KCR,AL,124,456,414,49,105,10,3,9,43,4,2,35,109,.254,.313,.357,.670,90,148,6,2,2,3,0,*8/HD1,taylomi02
707,Tyrone Taylor,28,MIL,NL,120,405,373,49,87,21,3,17,51,3,2,22,102,.233,.286,.442,.729,104,165,11,7,0,3,0,*897H/D,tayloty01
708,Rowdy Tellez*,27,MIL,NL,153,599,529,67,116,23,0,35,89,2,1,62,121,.219,.306,.461,.767,115,244,20,5,0,3,9,*3H/D,tellero01
709,Matt Thaiss*,27,LAA,AL,29,81,69,9,15,1,0,2,8,1,0,11,24,.217,.321,.319,.640,84,22,2,0,0,1,1,23/H5,thaisma01
710,Caleb Thielbar,35,MIN,AL,2,0,0,0,0,0,0,0,0,0,0,0,0,,,,,,0,0,0,0,0,0,1,thielca01
711,Alek Thomas*,22,ARI,NL,113,411,381,45,88,17,1,8,39,4,3,22,74,.231,.275,.344,.619,76,131,6,3,0,5,0,*8/H,thomaal01
712,Cody Thomas*,27,OAK,AL,10,32,30,1,8,0,0,0,0,0,0,2,12,.267,.313,.267,.579,72,8,0,0,0,0,0,7,thomaco01
713,Dillon Thomas*,29,LAA,AL,8,14,11,1,1,0,0,0,0,0,0,2,6,.091,.286,.091,.377,15,1,0,1,0,0,0,/79H,thomadi01
714,Lane Thomas,26,WSN,NL,146,548,498,62,120,26,2,17,52,8,4,41,132,.241,.301,.404,.705,103,201,8,4,0,5,0,*789H/D,thomala02
715,Bubba Thompson,24,TEX,AL,55,181,170,18,45,5,0,1,9,18,3,7,56,.265,.302,.312,.613,77,53,2,2,2,0,0,79/8HD,thompbu01
716,Trayce Thompson,31,TOT,NL,80,255,219,36,56,14,1,13,41,4,1,32,93,.256,.353,.507,.860,135,111,2,2,0,2,0,798H/D,thomptr01
717,Michael Toglia#,23,COL,NL,31,120,111,10,24,8,2,2,12,1,1,9,44,.216,.275,.378,.653,73,42,2,0,0,0,0,93/H,toglimi01
718,Ka'ai Tom*,28,SFG,NL,1,1,1,0,0,0,0,0,0,0,0,0,0,.000,.000,.000,.000,-100,0,0,0,0,0,0,/H9,tomka01
719,Spencer Torkelson,22,DET,AL,110,404,360,38,73,16,1,8,28,0,1,37,99,.203,.285,.319,.604,77,115,12,5,0,2,0,*3/H,torkesp01
720,Abraham Toro#,25,SEA,AL,109,352,324,36,60,13,1,10,35,2,0,22,65,.185,.239,.324,.563,63,105,4,2,0,4,1,45DH/39,toroab01
721,Luis Torrens,26,SEA,AL,55,166,151,13,34,2,0,3,15,0,0,12,50,.225,.283,.298,.581,71,45,5,1,0,2,0,2/DH41,torrelu01
722,Gleyber Torres,25,NYY,AL,140,572,526,73,135,28,1,24,76,10,5,39,129,.257,.310,.451,.761,114,237,12,3,1,3,2,*4/DH6,torregl01
723,Ezequiel Tovar,20,COL,NL,9,35,33,2,7,1,0,1,2,0,0,2,9,.212,.257,.333,.590,57,11,0,0,0,0,0,/6,tovarez01
724,Taylor Trammell*,24,SEA,AL,43,117,102,15,20,9,0,4,10,2,1,13,33,.196,.284,.402,.686,99,41,2,0,1,1,0,9/8H7D,trammta01
725,Alan Trejo,26,COL,NL,35,125,118,15,32,6,0,4,17,1,2,5,31,.271,.312,.424,.736,95,50,3,2,0,0,0,64/5H,trejoal01
726,Jose Trevino,29,NYY,AL,115,353,335,39,83,12,1,11,43,2,1,15,62,.248,.283,.388,.671,90,130,5,2,0,1,0,*2/HD,trevijo01
727,Chadwick Tromp,27,ATL,NL,1,4,4,0,3,2,0,0,3,0,0,0,0,.750,.750,1.250,2.000,448,5,0,0,0,0,0,/2,trompch01
728,Mike Trout,30,LAA,AL,119,499,438,85,124,28,2,40,80,1,0,54,139,.283,.369,.630,.999,178,276,6,6,0,1,8,*8/DH,troutmi01
729,Yoshi Tsutsugo*,30,PIT,NL,50,193,170,11,29,4,0,2,19,0,0,19,50,.171,.249,.229,.478,37,39,3,0,0,4,0,3D/H,tsutsyo01
730,Cole Tucker#,25,PIT,NL,18,63,63,3,11,1,1,0,2,1,0,0,25,.175,.175,.222,.397,11,14,1,0,0,0,0,9/46H,tuckeco01
731,Kyle Tucker*,25,HOU,AL,150,609,544,71,140,28,1,30,107,25,4,59,95,.257,.330,.478,.808,128,260,11,1,0,2,4,*9/DH,tuckeky01
732,Justin Turner,37,LAD,NL,128,532,468,61,130,36,0,13,81,3,0,50,89,.278,.350,.438,.788,116,205,13,6,0,8,1,5D/H,turneju01
733,Trea Turner,29,LAD,NL,160,708,652,101,194,39,4,21,100,27,3,45,131,.298,.343,.466,.809,121,304,9,3,0,6,1,*6,turnetr01
734,Justin Upton,34,SEA,AL,17,57,48,2,6,1,0,1,3,0,0,6,23,.125,.263,.208,.471,41,10,1,3,0,0,0,D/97H,uptonju01
735,Luis Urias,25,MIL,NL,119,472,406,54,97,17,1,16,47,1,2,50,99,.239,.335,.404,.739,110,164,9,11,0,5,0,546/H,uriaslu01
736,Ramon Urias,28,BAL,AL,118,445,403,50,100,17,1,16,51,1,0,30,98,.248,.305,.414,.720,103,167,7,5,3,4,1,54/6HD,uriasra01
737,Gio Urshela,30,MIN,AL,144,551,501,61,143,27,3,13,64,1,0,41,96,.285,.338,.429,.767,121,215,21,2,0,7,2,*5/DH6,urshegi01
738,Josh VanMeter*,27,PIT,NL,67,192,171,15,32,5,2,3,14,4,0,19,45,.187,.266,.292,.558,58,50,3,0,0,2,0,43H/15D29,vanmejo01
739,Ildemaro Vargas#,30,TOT,NL,63,222,209,19,55,13,1,4,23,3,1,8,23,.263,.299,.392,.691,98,82,6,3,1,1,0,56/4H1,vargail01
740,Miguel Vargas,22,LAD,NL,18,50,47,4,8,1,0,1,8,1,0,2,13,.170,.200,.255,.455,25,12,0,0,0,1,0,/37D5H,vargami01
741,Daulton Varsho*,25,ARI,NL,151,592,531,79,125,23,3,27,74,16,6,46,145,.235,.302,.443,.745,109,235,8,7,2,5,0,*982D/H,varshda01
742,Andrew Vaughn,24,CHW,AL,134,555,510,60,138,28,1,17,76,0,0,31,96,.271,.321,.429,.750,111,219,13,9,0,5,0,97D3/H4,vaughan01
743,Terrin Vavra*,25,BAL,AL,40,103,89,14,23,2,1,1,12,0,1,12,19,.258,.340,.337,.677,94,30,2,0,0,2,0,47/HD9,vavrate01
744,Christian Vazquez,31,TOT,AL,119,426,398,41,109,23,0,9,52,1,4,22,69,.274,.315,.399,.714,99,159,10,3,0,3,0,2H/34D,vazquch01
745,Andrew Velazquez#,27,LAA,AL,125,349,322,37,63,8,0,9,28,17,1,15,119,.196,.236,.304,.540,53,98,3,3,6,3,0,*6/H,velazan01
746,Nelson Velázquez,23,CHC,NL,77,206,185,20,38,7,3,6,26,5,2,19,65,.205,.286,.373,.659,85,69,5,2,0,0,0,89H7/D,velazne01
747,Alex Verdugo*,26,BOS,AL,152,644,593,75,166,39,1,11,74,1,3,42,86,.280,.328,.405,.732,102,240,14,3,0,6,2,*79/DH,verdual01
748,Mark Vientos,22,NYM,NL,16,41,36,3,6,1,0,1,3,0,0,5,12,.167,.268,.278,.546,58,10,1,0,0,0,0,D/H5,vientma01
749,Matt Vierling,25,PHI,NL,117,357,325,41,80,12,2,6,32,7,4,23,70,.246,.297,.351,.648,83,114,7,3,0,6,0,897H/543D,vierlma01
750,David Villar,25,SFG,NL,52,181,156,21,36,6,1,9,24,0,1,18,58,.231,.331,.455,.787,120,71,4,6,0,1,0,53D/4H,villada01
751,Jonathan Villar#,31,TOT,MLB,59,220,202,25,42,6,2,3,18,7,0,15,59,.208,.260,.302,.562,59,61,4,0,1,2,0,45/H6D,villajo01
752,Meibrys Viloria*,25,TEX,AL,26,75,63,10,10,1,0,2,5,0,0,11,29,.159,.280,.270,.550,59,17,0,0,0,1,0,2/HD,vilorme01
753,Daniel Vogelbach*,29,TOT,NL,130,461,386,47,92,19,1,18,59,0,0,73,114,.238,.360,.433,.793,125,167,11,1,0,1,2,*DH/3,vogelda01
754,Stephen Vogt*,37,OAK,AL,70,191,168,18,27,4,1,7,23,1,0,17,46,.161,.241,.321,.562,63,54,4,2,0,4,0,DH23,vogtst01
755,Luke Voit,31,TOT,NL,135,568,500,55,113,22,0,22,69,1,1,55,179,.226,.308,.402,.710,106,201,9,7,0,6,1,D3/H,voitlu01
756,Jason Vosler*,28,SFG,NL,36,111,98,14,26,6,1,4,12,1,1,10,29,.265,.342,.469,.812,127,46,3,2,0,1,1,5/H73496,vosleja01
757,Joey Votto*,38,CIN,NL,91,376,322,31,66,18,1,11,41,0,0,44,97,.205,.319,.370,.689,87,119,8,10,0,0,0,3D/H,vottojo01
758,LaMonte Wade Jr.*,28,SFG,NL,77,251,217,29,45,7,1,8,26,1,0,26,51,.207,.305,.359,.665,88,78,0,5,2,1,0,937HD/8,wadela01
759,Tyler Wade*,27,LAA,AL,67,163,147,22,32,5,0,1,8,8,5,10,33,.218,.272,.272,.544,56,40,3,1,5,0,0,465H/798D,wadety01
760,Christian Walker,31,ARI,NL,160,667,583,84,141,25,2,36,94,2,2,69,131,.242,.327,.477,.804,126,278,15,8,0,7,2,*3D/H,walkech02
761,Steele Walker*,25,TEX,AL,5,16,14,1,1,0,0,1,1,0,0,2,4,.071,.188,.286,.473,34,4,0,0,0,0,0,/7H9,walkest01
762,Chad Wallach,30,LAA,AL,12,40,35,3,5,1,0,1,4,0,0,4,9,.143,.231,.257,.488,39,9,1,0,1,0,0,2,wallach01
763,Matt Wallner*,24,MIN,AL,18,65,57,4,13,3,0,2,10,1,0,6,25,.228,.323,.386,.709,105,22,0,2,0,0,1,9/DH,wallnma01
764,Taylor Walls#,25,TBR,AL,142,466,407,53,70,18,2,8,33,10,3,52,120,.172,.268,.285,.553,63,116,6,2,2,2,0,645/HD,wallsta01
765,Jared Walsh*,28,LAA,AL,118,454,423,41,91,18,2,15,44,2,1,27,138,.215,.269,.374,.642,81,158,6,4,0,0,4,*3H/7,walshja01
766,Donovan Walton*,28,TOT,MLB,25,78,76,9,12,8,0,1,8,0,0,1,16,.158,.179,.303,.482,33,23,1,1,0,0,0,46/H51,waltodo01
767,Taylor Ward,28,LAA,AL,135,564,495,73,139,22,2,23,65,5,3,60,120,.281,.360,.473,.833,135,234,5,4,0,5,0,*9/8H5D7,wardta01
768,Drew Waters#,23,KCR,AL,32,109,96,14,23,6,1,5,18,0,0,12,40,.240,.324,.479,.803,124,46,1,0,0,0,0,98/7HD,waterdr01
769,Luke Weaver,28,TOT,MLB,1,0,0,0,0,0,0,0,0,0,0,0,0,,,,,,0,0,0,0,0,0,1/DH,weavelu01
770,J.B. Wendelken,29,ARI,NL,1,0,0,0,0,0,0,0,0,0,0,0,0,,,,,,0,0,0,0,0,0,1,wendejb01
771,Joey Wendle*,32,MIA,NL,101,371,347,27,90,24,1,3,32,12,3,15,50,.259,.297,.360,.658,86,125,7,5,1,3,0,564H/D,wendljo01
772,Eli White,28,TEX,AL,47,117,105,16,21,2,0,3,10,12,1,11,41,.200,.274,.305,.578,66,32,0,0,0,1,0,87/HD9,whiteel04
773,Aaron Whitefield,25,LAA,AL,5,11,11,0,0,0,0,0,0,0,0,0,5,.000,.000,.000,.000,-100,0,0,0,0,0,0,/987H,whiteaa01
774,Luke Williams,25,TOT,NL,79,136,127,21,30,5,1,1,6,11,4,9,44,.236,.287,.315,.602,71,40,1,0,0,0,1,57H4/D3,willilu01
775,Trevor Williams,30,NYM,NL,2,0,0,0,0,0,0,0,0,0,0,0,0,,,,,,0,0,0,0,0,0,1,willitr01
776,Marcus Wilson,25,SEA,AL,3,6,5,1,1,0,0,0,0,0,0,1,4,.200,.333,.200,.533,62,1,0,0,0,0,0,/H98D,wilsoma02
777,Jesse Winker*,28,SEA,AL,136,547,456,51,100,15,0,14,53,0,0,84,103,.219,.344,.344,.688,103,157,8,4,0,3,1,*7D/H,winkeje01
778,Patrick Wisdom,30,CHC,NL,134,534,469,67,97,28,0,25,66,8,4,53,183,.207,.298,.426,.725,102,200,8,9,1,2,1,53/97HD8,wisdopa01
779,Bobby Witt,22,KCR,AL,150,632,591,82,150,31,6,20,80,30,7,30,135,.254,.294,.428,.722,102,253,12,6,0,5,2,65/DH,wittbo02
780,Tony Wolters*,30,LAD,NL,2,4,4,0,0,0,0,0,0,0,0,0,3,.000,.000,.000,.000,-100,0,0,0,0,0,0,/42DH,wolteto01
781,Connor Wong,26,BOS,AL,27,56,48,8,9,3,0,1,7,0,0,5,16,.188,.273,.313,.585,63,15,0,1,1,1,0,2/H45D,wongco01
782,Kolten Wong*,31,MIL,NL,134,497,430,65,108,24,4,15,47,17,6,46,88,.251,.339,.430,.770,118,185,5,14,2,5,2,*4H/D6,wongko01
783,Austin Wynns,31,SFG,NL,65,177,162,14,42,7,0,3,21,0,0,10,38,.259,.313,.358,.671,90,58,9,3,1,1,0,2/DH1,wynnsau01
784,Mike Yastrzemski*,31,SFG,NL,148,558,485,73,104,31,2,17,57,5,1,61,141,.214,.305,.392,.697,96,190,3,5,1,6,0,*98H/D,yastrmi01
785,Christian Yelich*,30,MIL,NL,154,671,575,99,145,25,4,14,57,19,3,88,162,.252,.355,.383,.738,111,220,9,5,1,2,5,*7D/H,yelicch01
786,Juan Yepez,24,STL,NL,76,274,253,27,64,13,0,12,30,0,0,16,61,.253,.296,.447,.742,111,113,6,1,0,4,0,7D93/5H,yepezju01
787,Jared Young*,26,CHC,NL,6,22,19,2,5,2,0,0,0,1,0,3,7,.263,.364,.368,.732,108,7,0,0,0,0,0,/D3H9,youngja02
788,Seby Zavala,28,CHW,AL,61,205,178,22,48,14,0,2,21,0,0,19,64,.270,.347,.382,.729,107,68,1,3,3,2,0,2/H3D,zavalse01
789,Bradley Zimmer*,29,TOT,MLB,109,117,105,18,13,5,0,2,5,3,2,5,45,.124,.207,.229,.435,25,24,0,6,1,0,0,8H/D9,zimmebr01
790,Mike Zunino,31,TBR,AL,36,123,115,7,17,3,0,5,16,0,0,6,46,.148,.195,.304,.499,44,35,2,1,0,1,0,2/H,zuninmi01
791,LgAvg per 600 PA,,,,168,600,539,68,130,26,2,17,65,8,3,49,136,.241,.310,.392,.702,,211,11,7,1,4,2,,-9999
